$coord
   -7.36642705624855      5.84426317319172     -7.58721759582435       o
   -7.33081730735011      8.20286244200518     -8.85815239205548       c
   -6.74527494156957      8.03834464530084    -11.65726073074054       c
   -5.87331257851067      9.30046382944302     -7.90206723972806       h
   -9.12947691529622      9.19588165522460     -8.56733871285793       h
   -4.97507501618176      7.03787012220790    -11.97080720092914       h
   -6.56910402341824      9.93061645473171    -12.45496235150313       h
   -8.23062782680825      7.06495646340873    -12.69694423010971       h
   -9.45335954207438      4.24683652452750     -8.16561114948259       c
   -8.68273599721879      1.98522970710642     -9.73806765200953       c
  -10.94473466805089      5.32288409735199     -9.11461300817143       h
  -10.23347670171675      3.60388340721868     -6.36417130437492       h
   -7.99202853668328      2.54737741217363    -11.59113815935236       h
  -10.28511175787925      0.71513086471113    -10.00301357022635       h
   -7.18580617983489      0.93666803964120     -8.79423441186322       h
$end
