$coord
   -0.74463200479668     -1.50202113720264     -8.81930613369505       c
    1.80218301733105     -0.95228708430434     -9.41078324080464       c
    3.09116015829343     -3.27602793776618     -9.64369248521764       c
    2.60912481715737      0.89809837146581     -9.67035512267887       h
    1.36087754238263     -5.24863409810369     -9.18965491742668       c
   -1.01957003069438     -4.16358906821027     -8.64963164873191       c
   -2.74436802691682     -5.17609910263893     -8.27459669971013       h
    5.06888702072527     -3.49455914946936    -10.07634922226661       h
    1.77969457908006     -7.23697971832298     -9.22356123326381       h
   -1.78629934078577     -1.02243476183639     -2.41542703419673       c
   -0.22133463600940      1.01027749646740     -3.17183609486270       c
    2.16553200917235      0.71044908166046     -2.01542642989329       c
   -0.75027000898633      2.51911955858892     -4.43132392429690       h
    2.05341561906246     -1.52460493175030     -0.53715385981779       c
   -0.38459242289317     -2.57709751599111     -0.77332486608809       c
   -1.04048175297904     -4.29188831751459      0.10145463282701       h
    3.74465270729501      1.98515145598846     -2.16047897538533       h
    3.57695845105941     -2.29713470918940      0.57023246529611       h
    1.70627718034256     -2.85147823606900     -5.06547030395293      zr
   -2.22649452130160     -0.13526396023554     -8.54263157743804       h
   -3.71262146919363     -1.33109710612488     -2.99946119349427       h
    3.20904070303265     -6.66868810075496     -3.69212256487380       c
    5.75615525115352     -5.46071381061748     -3.95642546575851       c
    2.95501836761598     -8.28905533241632     -4.92258292988636       h
    2.73137310708792     -7.17690952947330     -1.76539151276489       h
    7.61381623248670     -6.73676041173259     -5.74046473175293       c
    6.64635689221145     -5.10196403948881     -2.13331095387632       h
    5.64371403447268     -3.40231565521999     -4.73134667621899       h
    9.96755679944322     -5.18613355093262     -6.27353773209967       c
    6.64481130235952     -7.17488052876233     -7.50636733625356       h
    8.12960641610313     -8.55518044898864     -4.91354883821859       h
    9.48795786114306     -3.37768043531608     -7.13982148884977       h
   11.24839493315863     -6.16885580246392     -7.55066261382157       h
   11.00584577230165     -4.78117845597650     -4.54037038649637       h
$end
