$coord
   -2.13483580193529     -2.50898256004384      5.30792588604278       o
   -2.24384880925852     -2.20841318015816      7.57654560950040       c
   -1.34443537523998      2.82843720534712      5.31318762432850       o
   -0.91982049012403      2.29566687851775      7.46226610935882       c
    0.09109109887198      3.96430792220716      9.16481967825420       o
   -1.39621206889486      0.01560434463059      8.75232291265626       n
    0.65819855858861      2.69157726538050     11.48688329660447       c
   -1.00024477704729      0.34270175267068     11.45640482855322       c
    0.24224737527117      3.96072709570827     13.04350994464529       h
    2.66213951119406      2.21316376545700     11.50779674956642       h
   -2.78470140355472      0.65856344770901     12.44301414151560       h
   -0.05112114897233     -1.27378049571268     12.29156677617560       h
   -3.28164383138159     -4.14043862556768      9.32947527503624       c
   -3.78343167631637     -6.46190740763670      8.51806703768973       c
   -3.67390677346303     -3.62704029486352     11.26962517293268       h
   -3.41021112659063     -6.98544041826820      6.57839312090977       h
   -4.58100979989555     -7.87734538933639      9.75561322836016       h
$end
