$coord
   -2.11289093726555      3.40568856485668     -0.24244180606682      si
    1.41514321842678      3.15087926686512     -0.25718696987103       c
    2.67562092396849      1.76676878706848      1.60612321850294       c
    1.60795280896389      0.87132046757039      3.10600614357708       h
    5.28573244210682      1.53999953189386      1.58397173850813       c
    6.22892444091975      0.46233454209939      3.04400023720356       h
    6.68870651380256      2.69853318583236     -0.30642136650001       c
    8.72654910397127      2.52533682809557     -0.32347058723988       h
    5.47136090897973      4.08652105797443     -2.16764432375196       c
    6.55747724440363      5.00208792090367     -3.63884606621658       h
    2.85836120678780      4.30993977923166     -2.13799049990629       c
    1.93490030345241      5.41240716144547     -3.59539700754003       h
   -3.31828600886524      3.89234204232738      3.04712856313357       c
   -2.09641275503420      5.55025326436440      4.70084322039309       c
   -0.40476221818140      6.53075873459324      4.09360744669083       h
   -3.00095199185368      5.94481254236900      7.12785113050821       c
   -2.02850512771199      7.23451579926820      8.38238236025041       h
   -5.14947027546257      4.68295517849980      7.95005949645245       c
   -5.85511389580011      4.98749579121193      9.84540760313041       h
   -6.38332221362642      3.02414235772312      6.33814843636439       c
   -8.05249203728808      2.02819295489880      6.97399859020693       h
   -5.47106686582796      2.63359873133349      3.91043841408079       c
   -6.44581537569885      1.32149689923389      2.67737506536253       h
   -3.32559498874753      1.08110163689327     -1.26099249259170       h
   -2.82359155176980      5.53738423235580     -1.93422035658949       h
$end
