$coord
   -2.07997600220290      3.59673919174692     -0.21479394104266      si
    1.42425154235798      3.25598297462318     -0.24422867059037       c
    2.62924067728295      2.09328767876940      1.79864346597424       c
    1.53989759425434      1.50279079990791      3.42722139728716       h
    5.22222531380633      1.71001429532508      1.78795423952971       c
    6.12662623002992      0.81624602042249      3.38940579903243       h
    6.65370594834524      2.48328986250712     -0.26796603833622       c
    8.67767862424379      2.18977994959681     -0.27622052868569       h
    5.48479536393618      3.64011317183710     -2.31151187508262       c
    6.59621265485872      4.25417141463579     -3.91426997206424       h
    2.89231456225612      4.01932601428002     -2.30008511411126       c
    2.00722610630099      4.94695598542078     -3.89365715599658       h
   -3.29543869051214      3.94739719647433      3.05951992345639       c
   -2.25206752794478      5.73102476887426      4.70462823007143       c
   -0.72635320878378      6.93681621706362      4.06547013180772       h
   -3.14361441125786      5.97690335132725      7.15364172453913       c
   -2.32145611216954      7.36937966268741      8.40502426300568       h
   -5.09335166263429      4.43711808694395      8.00136115641957       c
   -5.78921600286905      4.62815351989190      9.91488039067172       h
   -6.14711409663430      2.65475898157653      6.39413370831404       c
   -7.66627688994863      1.45364791252328      7.05014139984821       h
   -5.25367243134937      2.41471869881829      3.94021503406085       c
   -6.09571892766658      1.02124344812839      2.69925180913055       h
   -3.37519532425534      1.43401835959222     -1.43079503880419       h
   -3.02587184410816      6.76237854389454     -2.38147419297626      cl
$end
