$coord
    2.87431410990765      2.09654832180695      4.00774753420085       n
    0.69839675475580      3.35085225090015      4.33717496618917       c
    0.41248430890174      5.43590025423039      5.91933669300332       c
    2.32006853722500      6.85791265043424      7.08665974739440       c
   -1.56858471315171      2.54123934031382      2.82862721893519       c
   -1.87675045466398      0.51409990049768      2.97168853782592       h
   -1.30758534938072      2.95010424230703      0.82852377279182       h
   -3.25611570723007      3.51649522758395      3.46572331365104       h
    1.64632645444646      9.45059015406316      8.02526234994206       c
    2.31133266181703     10.88848042724071      6.70918214200365       h
    2.52908482802649      9.85438607435837      9.83591946540732       h
   -0.38601267068054      9.66465670411053      8.20864976336484       h
    4.66643075215484      6.02221112159365      7.28922661977331       n
    3.10220477342728      0.42590937725206      1.89532612508515       c
    2.75263538009994     -2.18433955286655      2.17419755574160       c
    2.12413040487759     -3.32353487822734      4.67321195533014       c
    3.05465011274247     -3.72721144018379      0.06774080338926       c
    2.79261588977960     -5.74533776471841      0.27668950550267       h
    3.67638227828347     -2.72868538465753     -2.26853017856727       c
    3.90430828851013     -3.95886211765001     -3.88529613664590       h
    3.99025332135817     -0.14551579405554     -2.52476152947929       c
    4.46208192849353      0.65006546753201     -4.34980654809593       h
    3.70942211282216      1.46552579525710     -0.46639459311730       c
    4.10711909733992      4.24329937436745     -0.79558945124999       c
    6.65245606535537      7.66633810247612      8.03892632745826       c
    7.48712248054052      7.69964308265796     10.55819049808073       c
    6.18480268412193      6.19443665159366     12.56226303828482       c
    9.55628480743602      9.19583359350675     11.18036226405848       c
   10.20609850715859      9.22706939356483     13.11990486150643       h
   10.78789516867881     10.62928591758162      9.37150526502920       c
   12.41240404858187     11.75761362035806      9.88678450620970       h
    9.92242078213388     10.61726325129025      6.90442662170510       c
   10.86607869972437     11.74945356633707      5.48511619950752       h
    7.84442165497232      9.16995481550461      6.20337859385584       c
    6.88279008132331      9.26820962150688      3.54990141497222       c
    5.60940096658342      2.34339954734297      6.46120569765937      cr
    3.71423005442971     -3.14053181020570      5.95975259470320       h
    1.67950137281750     -5.31984388565700      4.48255591993543       h
    0.52582127774459     -2.39212667120156      5.57404345410945       h
    5.91627569144792      4.81224160852889     -0.00175886767429       h
    2.66621066457306      5.37040237678425      0.14107370896312       h
    4.12537478494737      4.74703990208695     -2.78725428135733       h
    6.60817271277233      4.19430600475930     12.39139159260799       h
    4.13857600693760      6.36189932366998     12.45396299901575       h
    6.78398643272416      6.79769927009577     14.43226784686430       h
    6.05655052214644      7.48410282113233      2.97707509514290       h
    8.37990035596644      9.75927913895421      2.23124477636623       h
    5.40036895618362     10.68942509440369      3.34640568765279       h
   -1.46818921712533      6.21483026555148      6.02317920513119       h
    4.08652610527442      0.70842254606935      9.57519414506680       c
    5.91697912721519     -1.36351926794964     11.78029842001972      si
    2.51303227267234     -0.39741687564067      8.83939309256600       h
    3.23284415523087      2.29569319708647     10.57606874153269       h
    5.78345223931387     -4.75921021136475     10.71340953959383       c
    4.40788226776772     -1.16243319473892     15.01255516732439       c
    9.35954421240393     -0.52639457321166     12.18280874889495       c
    8.26642397923881     -0.22912664141798      5.24327111084850       c
   11.33181334391634      1.32843582668758      4.47117101581637      si
    7.61885827366570     -1.24502982005936      3.56858507144228       h
    8.57077971670069     -1.65490694079418      6.70352329354792       h
   10.97274042523470      3.32661613180360      1.53938627981514       c
   13.89342066877877     -1.08299644040065      3.86147575629366       c
   12.46552622445789      3.46633756431899      7.09139605669881       c
   10.42880030049393     -0.86209624102674     10.46146331110553       h
   10.18113714929219     -1.71130195279798     13.65599960287793       h
    9.67587918801518      1.42985834282366     12.73481311064726       h
    3.83949633817280     -5.41062242471154     10.51636507295946       h
    6.71019324361108     -5.98368905001333     12.08767685024500       h
    6.72360183780838     -5.04648090832721      8.90564236393095       h
    2.42186872465259     -1.70462835520087     14.94325603889750       h
    4.49516241338870      0.75557220230534     15.76058514447152       h
    5.34966584908379     -2.40017232435634     16.36542371177617       h
   13.39481182510949     -2.31244684323246      2.28572764820578       h
   14.18521220575593     -2.28316569308961      5.51054920882287       h
   15.69527523898873     -0.18542588236574      3.41478623661922       h
   12.94464674797865      2.41311828490372      8.79228719011120       h
   11.07249480426356      4.88622675289873      7.61971914910838       h
   14.15796199957494      4.48651957220380      6.50588210983779       h
    9.80874083211797      4.98423539260576      1.90188818817869       h
   10.09914922005651      2.26519735891768      0.00590980526552       h
   12.79967090481844      4.00646068341206      0.87196984477887       h
$end
