$coord
   -4.25249117832378     -6.52075614774150      2.88862268641697      cr
   -6.57299354248595     -8.65795323723919      5.95194594776450      cl
   -3.31228481286008    -10.05658911222216      0.54747657745157      cl
   -4.87550806854754     -2.88008720278584      6.95034780619181       c
   -5.21483837623272     -3.11340143555044      4.63445315052942       o
   -5.27766205954859     -0.72792131493261      8.19776022404011       n
   -6.11678492330314      1.53936278768621      6.91149451879959       c
   -4.85586967309270     -0.56889378663388     10.89609530570492       c
   -4.22270534170598     -4.45890333630160      8.09373122952912       h
   -6.31100267474828      1.13408483907633      4.91482091620621       h
   -4.74501508900537      3.05343120573971      7.17297654944875       h
   -7.93007108898458      2.16070373718820      7.66643401099747       h
   -4.22324063880022     -2.38457533183833     11.60882871938665       h
   -6.59349097533963     -0.04406998133912     11.87092374839818       h
   -3.41681058986369      0.84320535660496     11.31975460994808       h
  -11.44216537004752    -10.36562025369153     -2.53090001327591       h
  -14.85132426152832     -9.38988869896758      0.96602684234069       h
  -10.08465697693691    -10.28107208185757     -0.98492015794138       c
  -13.27410791396051     -9.25641304103904      2.28245275486544       c
  -10.98236755356386     -8.56467306410631      0.96045938184284       n
   -8.26315106404925     -9.63542901167081     -1.65510048280711       h
   -9.55988825802194     -6.66102057996265      1.75929983246947       c
   -7.52979232451943     -6.01775060747234      0.74787205902994       o
  -13.71201765933604     -7.84764390484301      3.70812561742203       h
  -10.34190655613878     -5.62078037236611      3.36290611304241       h
   -9.85107942561216    -12.16104671737554     -0.18284182393956       h
  -13.03024388976644    -11.07574368540999      3.21538193826151       h
   -0.79466478636685     -1.73510643226956     -5.73836629650014       h
    2.93170983231659     -4.88419991256283     -5.53125845271410       h
   -0.53226091558283     -1.42313371417456     -3.71954418141780       c
    3.06393822155167     -4.41455504703138     -3.52969675639138       c
    0.62870758981408     -3.62036394183427     -2.56870918756996       n
   -2.35107305181153     -1.09826504755916     -2.83960776381484       h
   -0.50318718611292     -4.88916316688260     -0.71142738726358       c
   -2.59292285452312     -4.27540457587433      0.17875692558708       o
    3.70766773980741     -6.07105915798859     -2.50675623343934       h
    0.51848031627029     -6.52365262319927      0.00234581031114       h
    0.66292372419998      0.23450966071052     -3.46019367229494       h
    4.45591048915514     -2.91310942758647     -3.30012469678986       h
   -0.51447155587690     -6.56751513969458      5.13245231899113      cl
$end
