$coord
   -5.30505217049219      6.95648309280861      3.55215186515047      ti
   -7.01107480640602      6.29365521623765     -0.52655386608868      cl
   -9.06175320862498      8.45316142506794      5.69253430709220       c
   -9.76016832835996      6.19157584335847      4.48375331005364       c
   -8.39340128817024      4.20252262403775      5.58913501658858       c
  -11.03337919921299      6.02983864966659      2.91161960310663       h
   -6.84993990773653      5.22511138948228      7.49652554477104       c
   -7.26413125188164      7.85054882125964      7.56970655340153       c
   -6.36990954113661      9.16377412774895      8.83711682174764       h
   -9.75677517194143     10.30893712776335      5.23497424786197       h
   -8.39834318601422      2.26880044705646      4.96530224213427       h
   -5.50718521662802      4.19692679300455      8.62594166869465       h
   -4.19283433314616     10.95742947689642      1.61085376968561       c
   -4.26732497021357     11.37406737334033      4.21739978812115       c
   -2.36778869820307      9.86527424614153      5.34836627213446       c
   -5.58603331377116     12.56793557363324      5.20058114383866       h
   -1.04936104015806      8.62174479792913      3.39943474801347       c
   -2.19456728038568      9.24912668699340      1.10164221684104       c
   -1.72952317703670      8.50070527121093     -0.72866084930415       h
   -5.47717840495100     11.71864027815560      0.23242644236452       h
   -1.95575138241690      9.72864538128364      7.33528790467153       h
    0.45513954966386      7.28000056007571      3.67188946612968       h
   -3.55913184820300      3.95421063695127      3.54297826585453       o
    1.89412086039399      2.93586312394915      4.98245500114586       c
    0.18542545030989      1.33755945604883      3.42513041490042       c
    1.25226801914776      3.42650814075332      7.66359553193500       c
    4.42927085924920      3.60824194118522      3.99645227916831       c
   -1.78348636819875      2.84555440886032      1.92913865640566       c
   -0.83700543328812     -0.01754568883376      4.60294538745397       h
    1.27281483230804      0.23975757272920      2.05090616047769       h
   -0.83292357096259      4.24626440352048      0.74201191943583       h
   -2.81036848264495      1.58440127439524      0.64754712721296       h
    1.85213538471551      1.87326655676649      8.90958688823022       h
   -0.78120148481123      3.62297895039405      7.91416925104216       h
    2.16404331654958      5.13097549613604      8.38183077387294       h
    5.83455414121697      2.12119948284258      4.37098628550334       h
    5.16996975967232      5.32904062438813      4.85774522870392       h
    4.41544293034903      3.87663174879782      1.95126379659291       h
$end
