$coord
   -0.56256322919013      0.33627987458263     -6.02727067283739       n
   -0.86194476732120     -2.06678829446930     -6.78428951731521       c
    0.61146182912883     -0.57045995063742     -0.89266903497799       n
    4.03347497942557     -3.20153331769298     -4.92175209687844       s
    0.34135995178065      5.06857109758666     -2.60821627392481       s
   -3.24528720694365     -3.03798424273097     -7.27926518510904       c
   -5.34101913081632     -1.50223391790495     -6.97969609859866       c
   -3.44963607745469     -4.97768275292506     -7.88319888318528       h
   -5.00365113300765      0.97194438471568     -6.19895709422828       c
   -7.21580035008815     -2.22804792031255     -7.33715144278179       h
   -2.57987284274750      1.84834377838446     -5.73029222385768       c
   -6.60390845319609      2.21447481483401     -5.94597126976186       h
   -2.14559116594559      4.53507218151319     -4.95012980784358       c
   -3.88989850985430      5.40244989986616     -4.30358111408095       h
   -1.48992745859403      5.62979776445591     -6.56847205043622       h
   -0.91707433788083      3.61078934358712      0.27033528370062       c
   -1.15858837922544      0.78819024791060      0.29868062218277       c
   -2.69145357287471      4.52019620099589      0.75944937073695       h
    0.47533255634949      4.17089826242713      1.68298585904438       h
    0.61771332324713     -3.09774440666819     -0.76538621871587       c
   -1.24769802407967     -4.38017548136288      0.55682466304124       c
   -3.12074461848206     -3.00463773420828      1.76235204142676       c
   -1.23031183109892     -6.41984227107354      0.64525121763893       h
   -3.07314666307802     -0.39016429734557      1.64883181595359       c
   -4.60096020315178     -3.96360829114549      2.79169511603136       h
   -4.49815076445513      0.72197846813428      2.59802287738601       h
    1.44480480128374     -3.66725160236584     -7.16391445200140       c
    2.31505833748714     -3.20725622635830     -8.97456611058773       h
    0.94889540886799     -5.65821444834182     -7.22614993524461       h
    2.78428063732914     -4.47927599586501     -1.95444461941811       c
    4.42034549183021     -4.34936884849457     -0.70769462540662       h
    2.35551131374581     -6.47038932385074     -2.21097329115844       h
    2.82883734552862      1.25218390485131     -3.87378728584483      pd
    4.77957232037802      2.93743810610670     -6.76312827069437       c
    6.50209000923639      1.86611217638545     -7.03266802491030       h
    5.20488745915836      4.84834533622995     -6.16738567680712       h
    3.56539965147389      2.88804280232087     -8.41683440592125       h
    6.30857603319231      2.03692621413038     -1.20361415676973      cl
$end
