$coord
    1.47621323343031     -2.95615406059096     -6.64446891403942       o
    0.05760436309763     -4.48291698582768     -4.94202259261082       c
    1.77563650520937     -5.64111531943636     -6.78200729280932       c
    0.60679691431756     -4.35432002300491     -2.96922738605221       h
   -1.96070293312656     -4.55699751278166     -5.29937731282052       h
    3.58371011669868     -6.31042154222310     -6.07348645130758       h
    2.92996087633045    -10.33952412328962     -8.29405881018038       h
    1.61005252342366     -9.41975970395005     -9.56028490423033       c
    0.84195752069039     -6.95126677488833     -9.07127121396840       c
   -0.82724488692932     -5.77788539524782    -10.73192096887683       c
   -1.37749659166259     -3.84109406062705    -10.38317486040995       h
   -1.72429127389411     -7.06084754618636    -12.83114020245142       c
   -3.01143892557119     -6.12571375604752    -14.11570336245046       h
   -0.96883611477856     -9.53002118827260    -13.29712639129164       c
   -1.66880078726340    -10.52654820593063    -14.93943622955765       h
    0.70511534563554    -10.70552865005697    -11.65623200217447       c
    1.31706400088063    -12.62321545170340    -12.01516021293764       h
$end
