$coord
   -3.85989774707631      6.59026388712373     -1.17894410972202       c
   -1.82188544044667      5.97692953822634      0.46261168261719       c
    0.45527295522130      5.94228404288618     -1.02031138229757       c
   -1.95501214581028      5.53301989409317      2.44174390439212       h
   -0.18339031337814      6.64024357680557     -3.52758185231501       c
   -2.84339424755124      6.92769116634827     -3.67309837192852       c
   -3.91356856940918      7.33940947427613     -5.35280017761615       h
   -5.82757822631240      6.68622039418123     -0.67807523977893       h
    2.31639593216764      5.48519998801502     -0.34000654949719       h
    1.08892842960495      6.63222275317706     -5.11366733745766       h
   -2.14623016154576      3.12811366740866     -2.37570635743579      ru
   -4.65451395971655      0.29269680544539     -0.38003691307649      cl
   -0.31198246399272      0.69409448755209     -5.41987772375974      cl
$end
