$coord
   -1.17303535554248     -0.28390781468388     -0.42845080102895       c
    1.00494131391308      1.18905639797069     -1.00240770593967       c
    2.85568692456283     -0.45142607496865     -2.01189753008446       c
    1.21272679798984      3.18810387555843     -0.69534927333906       h
    1.86676355131973     -2.94853163583600     -2.04428837618033       c
   -0.64154720809876     -2.81713129592058     -1.09218746091632       c
   -1.90405364049967     -4.39917276882331     -0.87972838994423       h
   -2.90179809665561      0.40410669443688      0.39105435826924       h
    4.72035708671550      0.08209529690711     -2.62855088447045       h
    3.21578097504407     -5.26547609350106     -2.88231579487470       c
   -0.62590916092783     -0.34903586527869     -4.81416329593659      mo
    1.22170521667249      0.95649821283377     -7.78864780220547       c
    2.37874487957718      1.75825915319349     -9.46830077323053       o
   -2.73512648338839      2.64868784365878     -5.27262596824898       c
   -3.40304290220475     -2.11697497666852     -6.58459801737160       c
   -3.97684713252954      4.44254625843496     -5.47942330408953       o
   -5.05887320439169     -3.18367776905824     -7.54522536566009       o
    4.61767945350724     -4.84119092666283     -4.32397826397913       h
    1.91489351513371     -6.66645659681059     -3.63641788140366       h
    4.20708894506762     -6.13559145610102     -1.29474160828063       h
$end
