$coord
   -5.32068557507862      2.67660704585081      0.02296289491004       n
    0.25858739429742      7.85120957947521     -3.12129333073313       n
   -4.73454275683451      1.02955290537081      1.84872505845341       c
   -6.52843173526464     -0.54628739813110      2.94306087798453       c
   -9.01650507805180     -0.35545710530876      2.16702827857392       c
   -5.96561981546878     -1.87142505517154      4.38494639492945       h
   -9.63178465744881      1.37301926448198      0.30596620193723       c
  -10.45725044582348     -1.53667321033391      3.00272451826248       h
   -7.72287402432125      2.83732961250467     -0.74789992237160       c
  -11.54953250383275      1.58936494474209     -0.34777454889717       h
    2.23054023191471      6.93598297644072     -4.37456356772888       c
    3.99231824785793      8.59283793082567     -5.37838090292800       c
   -0.16078759426448     10.29913434446514     -2.75681054855024       c
    1.53472309061116     12.04606304679151     -3.72082878817908       c
    3.62836916387775     11.17051935254236     -5.04061749971861       c
    1.17300100079068     14.03214461676691     -3.41500005900747       h
    4.97791873386291     12.49981026991269     -5.80857841956780       h
    5.59000553597567      7.82580057546082     -6.39222815687813       h
   -2.05508414077061      1.05210481306164      2.75417083198808       c
   -0.62581289212227      2.81074400394818      2.49955103478224       o
   -1.44192536940220     -1.10711051885643      3.95217737498739       o
    0.30214175515093     -0.92408315827164      4.49077175807820       h
   -8.24438113419283      4.59258950925357     -2.90535084397912       c
   -6.67708899967982      5.27755967879117     -4.41341313940968       o
  -10.69586926863450      5.26155728242759     -3.00557714792635       o
  -10.87034938831730      6.38076311357000     -4.44852315133815       h
    2.36805161622189      4.07078435352839     -4.59636526830697       c
    4.18041196428344      3.12531444221792     -5.70654281232162       o
    0.54375774638437      2.81332916562177     -3.59495010170901       o
   -2.53619801830224     10.97399545070109     -1.28056768094820       c
   -3.03401954348463     13.21968843889534     -0.93597243936671       o
   -3.88731705012706      9.11513369763737     -0.48249251944785       o
   -2.36057979807201      5.27479816677987     -1.63245555594163      ag
$end
