$coord
   -3.62791752184208     -4.59510204618051    -15.45091141457225       c
   -0.91870250305948     -5.30908841966992    -15.47504815057438       c
   -4.78846041184882     -3.60103346261349    -17.79956660478396       c
   -4.86006082239779     -4.04384253636635    -12.99545883877892       c
   -4.33630581871332     -1.59232035611209    -18.10674115667601       h
   -6.84560451528665     -3.72736013535968    -17.75423776163652       h
   -4.12055437717798     -4.60372494848830    -19.47238719727720       h
    0.32874172886265     -3.65370434691413    -15.28114798771650       h
   -0.38114110235792     -6.23234596815446    -17.23793337710283       h
   -0.44211439900744     -6.57272832784236    -13.91728670059379       h
   -4.43345550323948     -2.12107385795298    -12.32111956188327       h
   -4.22926595009282     -5.32819262053727    -11.51157890213537       h
   -6.91422264211783     -4.16648976633703    -13.12034348750504       h
$end
