$coord
    0.47151438914598      1.34211700346569     -0.64007555712843      mo
    3.49271628775427      4.04260674483167      0.97777577052465      cl
   -3.19232278431289      3.35651046611548      0.82467590271927      cl
   -2.43889779787003     -1.34319729104174     -2.09032862748489       o
    3.06934704070459     -2.10142155574272     -1.77200652324653      cl
   -2.54950017476971     -2.23066836290722     -4.70338917107639       c
   -3.65600393201666     -4.86712115296538     -4.54426899320719       c
   -0.65382958445497     -2.17016885545437     -5.47461358748980       h
   -3.74187347223735     -0.90167604929540     -5.71972284679707       h
   -5.17540121637471     -4.80192573342729     -2.09613546412730       c
   -2.14735952628290     -6.26021099434467     -4.40761254096089       h
   -4.79908829429464     -5.31807180808390     -6.19078055119885       h
   -3.50933840147271     -3.21232830869833     -0.41014849747692       c
   -5.51801064814191     -6.66866977220832     -1.30817057781691       h
   -6.99068184948443     -3.87529135409422     -2.38554865016230       h
   -1.97177285891915     -4.30628580509673      0.41882354868911       h
   -4.50097326282929     -2.18993963824641      1.06763135054115       h
    0.59881909458383     -0.53533620305074      3.27199564784597       o
    0.46514112716014      3.27758771646502     -4.57259908174506      cl
    2.99237968826504     -1.61667266447772      4.17339053647911       c
    3.07976848570900     -1.08128941256272      6.98280686276302       c
    4.52328539472897     -0.75000890666097      3.12922978895400       h
    2.93206155483494     -3.62324699236832      3.73635249751449       h
    0.30132834916024     -0.84644034244445      7.68595262293645       c
    4.05452056707649      0.69635780594915      7.33470086567220       h
    4.05971703439279     -2.56580044598649      8.01171232991021       h
   -0.75782179255524      0.52501975473412      5.42447187063248       c
   -0.01119528912726      0.19913356518807      9.42747678465071       h
   -0.56670822664553     -2.70441828202139      7.88258998083701       h
   -0.38666801047515      2.54622454528816      5.49900480142034       h
   -2.75661229509210      0.22948227773541      5.09282268935350       h
$end
