$coord
   -0.44607095221300      0.52314043602924     -6.00445019777829       n
   -0.76392588439671     -1.87963157512554     -6.74212639432529       c
    1.08327955049121     -0.59666338663631     -0.48252909921422       n
    4.18576972472240     -2.87917643961952     -4.96552440834623       s
    0.76601934156055      4.97638361128959     -2.42674801295438       s
   -3.16035708946503     -2.88429672498895     -7.07400112646051       c
   -5.24682394550072     -1.37250172605384     -6.60479281282164       c
   -3.39047029672881     -4.82165068466094     -7.67781588769689       h
   -4.89058762676705      1.09040217533328     -5.78818893105118       c
   -7.13339025515732     -2.11601850351752     -6.84447522899046       h
   -2.44811870227814      1.98900382284848     -5.49171029295070       c
   -6.48842875462850      2.29374092475013     -5.37616877117603       h
   -1.91711474518223      4.63078562515545     -4.62320456995060       c
   -3.57348909209949      5.50000629125644     -3.77793263608927       h
   -1.35349548179180      5.79987408830177     -6.22275295690635       h
   -0.45327687933503      3.56439140251122      0.53144424603634       c
   -0.84173129766053      0.76280368924983      0.43280276214709       c
   -2.16670972292960      4.56473057136108      1.05673829671992       h
    1.00605830533861      4.04647995036405      1.90054880556525       h
    0.83423521533600     -3.09044230316877     -0.81432630546886       c
   -1.35437033756106     -4.34972750076294     -0.11191152784551       c
   -3.32758599013260     -2.97012655876155      0.92290245763071       c
   -1.52144036738085     -6.36764785192332     -0.38191347420507       h
   -3.08351798620158     -0.37305598447138      1.17648326475288       c
   -5.05447756436751     -3.90315035713203      1.48582217308338       h
   -4.61669456887314      0.74966657551031      1.92607897712311       h
    1.57749866357594     -3.39898636103413     -7.21741807138293       c
    2.41342747268491     -2.86186989044218     -9.02170110503750       h
    1.17300497156445     -5.40979094789901     -7.29873055216707       h
    3.01470398964701     -4.40818999878725     -2.04648105526923       c
    4.66803618933797     -4.37668081637452     -0.82098967997544       h
    2.58797461648997     -6.36848979113562     -2.47999609589359       h
    3.06458644244643      1.37243224607305     -3.89922899330945      pd
$end
