$coord
   -2.11461846002909     -2.15543200687798     -9.20076475558257       c
   -2.45298589717479     -2.97197069091169     -6.68233893057463       c
   -0.92787974907878     -5.14054374009691     -6.28676622368286       c
   -3.64281613362921     -2.08007056455721     -5.29451976664217       h
    0.37031324871871     -5.63038845444279     -8.57117063815944       c
   -0.35662525545456     -3.79886076433209    -10.35478176952404       c
    0.31969746914523     -3.64000405872363    -12.26722068905766       h
   -2.97931764439918     -0.52938103447930    -10.06465046312690       h
   -0.76182808408402     -6.21148689894054     -4.56547349960037       h
    1.61549672678071     -7.20087167049324     -8.90740563261820       h
   -8.76798154189250     -5.55453803960864    -10.62611482466762       c
   -8.36421263489138     -4.01029627161921     -8.49447016732896       c
   -8.00979842511082     -5.59864992202137     -6.37447111925700       c
   -8.31029563621980     -1.97487328432876     -8.48256508918269       h
   -8.19135973412993     -8.12379882947984     -7.18639490983763       c
   -8.64207664100088     -8.10754354537428     -9.82057754063531       c
   -8.84150832167743     -9.74498190395166    -11.00576543393843       h
   -9.16115006470281     -4.91902368887746    -12.51785135523807       h
   -7.64138895135567     -4.98376919372619     -4.46887231805376       h
   -7.94187877481831     -9.77853666109228     -6.03260002088300       h
   -4.30916440782556     -6.37980032717667     -9.27074305078000      zr
   -0.44419387700151    -10.45326548813392    -13.57874646189057       h
    0.89319705668876     -7.64117960517202    -14.76315485364145       h
   -0.67545537733908     -8.95095819188300    -14.95601539545541       c
   -0.68259969133507     -9.74185368372250    -16.85006427181623       h
   -4.58880701920443    -12.67432910702701    -13.64301067217652       h
   -6.03297649898331    -11.94598561895680    -14.88938742163132       c
   -3.64041543864167     -7.29498815337825    -14.21132856032038       p
   -7.89850104464441    -15.50993729133165    -15.23087105840170       h
   -5.28297439944743     -2.12566423872358    -13.70661335792822       h
   -7.92859323040166    -13.53317340471899    -15.75147018769076       c
   -6.04748275784887     -9.38976049310626    -15.54116524813070       c
   -4.60350448428203     -2.30361949190456    -15.62681884989498       c
   -3.64408860088840     -4.61923587213299    -16.42230264217945       c
   -4.67761574632076     -0.25488039606292    -17.26181199834781       c
   -9.86480354191012    -12.59626111468797    -17.25632459117574       c
   -5.42580498213581      1.53573007086176    -16.61785858955785       h
   -7.99831107095366     -8.45624970293523    -17.04247284121834       c
   -2.76983149037005     -4.85615174002906    -18.89699463904282       c
  -11.34650703637440    -13.83981892054162    -17.91841401470299       h
   -9.89706807311542    -10.05408116751187    -17.89090299630274       c
   -2.05317384712512     -6.64817613204903    -19.56732550208113       h
   -3.78799387043959     -0.50225850475447    -19.71471907991186       c
   -8.03194733019303     -6.48235431109240    -17.56744730483091       h
   -2.83589868632596     -2.80889537103906    -20.52915510099906       c
   -3.83873958308111      1.09345440256454    -20.99212927435099       h
  -11.40030273846090     -9.30566501647811    -19.05756555574874       h
   -2.14700617019317     -3.01420444536672    -22.44314889773434       h
   -2.83262579973499    -10.96066704724329     -8.93846170287676      cl
$end
