$coord
   -3.55490914509047     -5.13807302867588    -15.41964841106065       c
   -0.69726202940306     -5.27150441412562    -15.42740211129999       c
   -4.57084953872501     -3.76430590343209    -17.71427976452549       c
   -4.57068123720022     -4.04487651298947    -12.97882118468671       c
   -4.73053376366301     -8.45792675138267    -15.61616569244759      cl
   -3.92661434105041     -1.80574412996622    -17.67636446982164       h
   -6.62483628855458     -3.76559757593497    -17.73285739866528       h
   -3.90345203397446     -4.62760681316910    -19.45453691340271       h
    0.07496582299622     -3.36274888392655    -15.31394629685992       h
    0.00215620459919     -6.14712624716525    -17.14880693380677       h
    0.00159947323050     -6.34435572983761    -13.82120521010701       h
   -3.92719228433375     -2.09532334926498    -12.78462762264264       h
   -3.90274288604482     -5.10751032815756    -11.35277958548672       h
   -6.62467473144615     -4.04909971863560    -12.96008770331401       h
$end
