$coord
   -0.95341104496993     -1.49681552809767     -8.35995094819919       c
    1.46659342999500     -0.34885171689675     -8.37658537679207       c
    3.29060566547362     -2.23316461958317     -8.93715761622082       c
    1.84941710688225      1.62534005396854     -8.06936841980479       h
    1.98665885795562     -4.53766616719696     -9.29452076771376       c
   -0.60759307267572     -4.08197582030420     -8.92916543921318       c
   -2.07812669687559     -5.49166741377171     -9.00411556527700       h
    5.29572117412590     -1.94712069086654     -9.13531552650445       h
    2.83266120659414     -6.33931004874240     -9.70705444109692       h
    0.54536026304653     -0.38235364781983     -1.09286737371344       c
    2.71770475083716      0.56875548991121     -2.33771137092110       c
    4.71540810740564     -1.18989568280367     -2.00967735627960       c
    2.84334531744859      2.34562959393746     -3.32040350646805       h
    3.77812944928256     -3.21062616821953     -0.53431829912008       c
    1.22279425757825     -2.71498482829189      0.01373307035721       c
   -0.02572066933570     -3.94891667521536      1.04988320069643       h
    6.62346525500769     -0.98483853024194     -2.68709583294138       h
    4.81549068879238     -4.86902289139465      0.01821444469820       h
    1.52362719722681     -3.23231266604048     -4.73235640592497      zr
   -2.73129019933740     -0.55752989481927     -8.04643952467288       h
   -1.26489816794458      0.53738882030951     -0.95555288139347       h
    2.47068386719418     -6.66355733495720     -4.40157094791013       h
$end
