$coord
    8.92015730730689      2.08151144530782     -7.78254528336483       n
    6.75861374244790     -1.66708091354778     -4.20163122285124       p
    3.37300229237176      2.18074412320232     -9.41606350034273       p
    5.34736389580438      3.91297867538236    -11.64182614743212       c
    0.29033527560513      3.60050438081824     -8.76414756476784       c
   10.05365669819845     -1.03510280463848     -3.33757944561410       c
    4.75282192887726     -2.47401191963280     -1.49104492804347       c
    2.65969934824422      0.42763394177894     -0.93627294120322      si
    5.83995616688171     -3.04242872319812      0.16087509051934       h
    3.54364013742085     -4.05645743461272     -2.01518762889916       h
    4.45725276132532      2.63886641648022      1.18924686574750       c
   -0.28478469344407     -0.61997581262805      0.75613949703092       c
   -0.56521308274177      2.88568272060891     -5.29446860603321      si
   -1.15360616222429      2.99641840712951    -10.10236205248078       h
    0.52832442855836      5.63816671255124     -8.95601061227294       h
   -3.29718907874233      0.60790804353865     -5.29959955682501       c
   -1.62890933586500      5.92650303988482     -3.81626573270139       c
    8.82115644293663      3.15010104505546    -10.86063129524817      si
    5.03282317223149      5.90153290955816    -11.20213709291487       h
    4.87100707416568      3.64557062057466    -13.62801090413591       h
   10.69305305404852      6.13445684247799    -11.25194999364117       c
    9.92261252477801      0.79286393029072    -13.29243817166232       c
   11.45187049294025      1.03773359627121     -5.99696242910169      si
   11.13536040507808     -2.75695442586149     -3.00452762777147       h
   10.04431312845127      0.05074744663436     -1.58510156760323       h
    2.70804045204178     -0.94348104503234    -10.69855557581574       c
    1.78472877049009     -2.77333551787231     -9.03957756267035       c
    1.55812782831910     -2.29694164779864     -7.06562214618622       h
    1.24912511642334     -5.18517185278278     -9.89057261821063       c
    0.56054021370342     -6.59353008255714     -8.57967129771212       h
    1.67130646016270     -5.81809976776222    -12.40197304601758       c
    1.29040701548775     -7.71600077259539    -13.05917215404604       h
    2.61385888194955     -4.01875932223334    -14.05656699923562       c
    2.95797943115971     -4.50424509298142    -16.01291966410238       h
    3.12234761956863     -1.58633526529765    -13.21481103596529       c
    3.84441655615898     -0.20454179777854    -14.53303651283426       h
    7.01320744007211     -4.49396392532985     -6.18320518915491       c
    6.51158115793957     -6.91025666951228     -5.27108897045503       c
    5.97002400535260     -7.18588430448144     -3.31982825374305       h
    6.72084523633571     -8.99311957303533     -6.85319958672693       c
    6.32314539367806    -10.86183313182071     -6.12350221309706       h
    7.45148919428558     -8.68531938568594     -9.35147901863430       c
    7.61029019032775    -10.31067403070580    -10.58211112311278       h
    7.96992357605374     -6.28094485371009    -10.26533256938217       c
    8.52075467783062     -6.01882903702682    -12.21617609642890       h
    7.73955617710667     -4.20216999812243     -8.69683932915058       c
    8.08713690574296     -2.32469252489561     -9.40580168855507       h
    8.72596553239980     -0.87847422962582    -13.35734676580269       h
   11.84896560890442      0.16762652759950    -12.93561023733976       h
    9.89026753977426      1.64606160360482    -15.16931886271680       h
   10.11320927225593      7.51592791628997     -9.84081383087289       h
   10.45195182780497      6.97367457533893    -13.11863979309739       h
   12.70592908417772      5.78169870042702    -10.98693340246561       h
   13.82673968152025     -0.88862328465583     -7.80569935078725       c
   13.13770626291701      3.74002215694482     -4.43731189648813       c
   12.96638702425937     -2.52924031331672     -8.69795566043649       h
   15.31238176345241     -1.56538387905239     -6.54788578872208       h
   14.73875551889384      0.23154565774380     -9.27419920551365       h
   11.81163179438981      4.92430849052730     -3.39847471764984       h
   14.05169612725480      4.94322018758006     -5.83698735748811       h
   14.58787854816285      3.09057087539213     -3.12417947518149       h
   -1.30455427505253     -2.05648172557114     -0.30763246355823       h
   -1.57138685634063      0.95701770356349      1.07212486224780       h
    0.17451997224197     -1.41536691645239      2.60065345910445       h
    6.29607941225393      3.15524192004244      0.41295581590461       h
    4.78460493379493      1.80704733226030      3.04727226122110       h
    3.42058920380422      4.39816065842090      1.44910210284283       h
   -2.80729307332762     -1.19539625275873     -6.16025173535006       h
   -4.87882007386544      1.39026194754902     -6.36559588902444       h
   -3.97259338171713      0.23456506152243     -3.39286572362967       h
   -0.08003210041947      7.28206979467570     -3.80335104743370       h
   -2.20952400388229      5.62811747816690     -1.86154670551162       h
   -3.22148735744171      6.77133936841601     -4.81495793245099       h
    2.13616291244254      1.75693626936863     -3.86184982779861       n
    5.66616298575800      2.82791194699790     -5.49646236404216      nb
    6.08466232545012      7.23109794809769     -4.54915065716804      cl
$end
