$coord
    4.29296199468822     -4.96790817087860      5.96042392132784       c
    2.95227855854488     -4.81013835175794      8.26583381647261       c
    3.91421576607408     -6.66887275469490      9.92437020026243       c
    1.43866323503152     -3.51615242929310      8.67026269839240       h
    5.89156248036276     -7.93015024112033      8.65874027918159       c
    6.12645368842154     -6.88131208901980      6.22978493503546       c
    6.95174576773560     -9.50501810981421      9.38031341856310       h
   -1.42555749802834     -8.87264457539245      3.71804799323096       c
   -1.71237660261775     -6.69790020071630      5.21283137311159       c
   -2.05485094775306     -7.47822345438653      7.74055852777885       c
   -1.62509339292800     -4.77256420389254      4.55910517182996       h
   -1.96675888515248    -10.14140252578672      7.85279313056569       c
   -1.58256135479410    -10.98529452621175      5.33489353815953       c
    3.29017705193600     -7.03348458712028     11.82609942661371       h
    7.38613035547526     -7.54124411889039      4.77629331388881       h
    3.98701477591669     -3.81619377545222      4.31043226464244       h
   -1.36104409120996    -12.91552123479856      4.74490087892400       h
   -2.28803441193372     -6.23893831608159      9.33335294092219       h
   -1.07596681774214     -8.92541411984259      1.71335717407776       h
    2.04818161317067     -8.75930675275378      6.48714700089325      ti
    4.06929122880942    -12.38688000677282      4.95151047815648      cl
   -2.35126316845346    -11.80676688107145     10.14778249730421       c
   -4.81632838335072    -13.28167885957588      9.77837962016343       c
   -2.51788135235070    -10.21164168204036     12.54300135898075       c
   -6.38855057467208    -11.97997309407747      9.51379418545874       h
   -5.19545582561268    -14.46253052167105     11.41129932211626       h
   -4.71469477657819    -14.48557196761755      8.11225924389997       h
   -4.11300085275842     -8.91500912861012     12.45443393896370       h
   -0.80464020775434     -9.10188057728059     12.81541351123780       h
   -2.77316653913986    -11.42239866966616     14.17619127211040       h
   -0.07172651141935    -13.59240057797356     10.29141127620868       c
    0.02016419904376    -15.50697282353360     12.41441933185158       c
    1.64594518154233    -12.44872620468397     10.40529515467648       h
    0.10726062396906    -14.61885354026515      8.51629025201620       h
   -1.65049794375421    -15.83635261202172     13.98667531705659       o
    2.16373510300467    -16.94228973277855     12.46948250656966       n
    4.43610364585812    -16.58446314876926     10.99856845946440       c
    2.24753879936392    -18.11674927646952     13.96649753478037       h
    6.27572634168687    -14.64164025353358     12.00265843755474       c
    8.58756909499234    -14.33802096231610     10.77795140385354       c
    9.00996486716590    -15.47023338499371      9.12593732617015       h
   10.33521558127035    -12.58871261841251     11.63453216919618       c
   12.12084927049776    -12.37713830664668     10.66160659552320       h
    9.78960385118413    -11.09404123640457     13.72395716817009       c
   11.14871008116948     -9.71914134829287     14.38800044193362       h
    7.48697854087960    -11.37028051061614     14.93939957758611       c
    7.04142423852121    -10.21355324243136     16.56547799917272       h
    5.74273444845963    -13.13846132079046     14.08624296033972       c
    3.95888830357561    -13.35352005983403     15.05990742914373       h
    3.93788246535463    -16.08549555280047      9.06538751866487       h
    5.38682652825199    -18.40802463486989     10.87307545404137       h
$end
