$coord
   -1.92144988104024     -1.94623875536720     -8.88663257384101       c
   -0.23631715035978     -0.28196890383561    -10.09548519911299       c
    2.19974493704419     -1.40516277074933    -10.05102459823834       c
   -0.88053578491163      2.17578767689272    -11.30247299262772       c
    2.02332400337098     -3.72475104665501     -8.72883586492147       c
   -0.54976465509308     -4.10865510202099     -8.02070272593013       c
   -2.03059063124565     -7.27645586189597     -7.50819822171678      si
    4.42929931746859     -0.53185591557124    -11.51671131041925       c
    4.19548606512241     -5.47634788080730     -8.33284545024895       c
   -1.79839808055071      1.04443874322042     -2.71163908693683       c
    0.57147015482449      2.06601430682695     -2.02864174781976       c
    2.20117637413903      0.05026480959978     -1.38575375222418       c
    1.13138284342890      4.81809859256467     -1.91717569761864       c
    0.84504616795063     -2.23074263977027     -1.65472266726292       c
   -1.68985442941417     -1.64380012557018     -2.41382861728306       c
    4.85629244734395      0.22059762345450     -0.48223158056706       c
    1.86304734672553     -4.76142152578518     -0.95714026256285       c
    1.03406474918794     -0.56957814492086     -5.75125380761769      ti
   -4.70566140553140     -1.58918418885415     -8.75782070884175       c
   -4.03125006743035      2.63439177576531     -3.36881821947871       c
   -4.41364951732940     -3.68179513884604     -1.43875948548293      si
    5.68312610409794      2.06683746343222     -0.82232878341547       h
    6.06351409198763     -1.16838529474142     -1.40304153747110       h
    4.95558683443559     -0.14171444824182      1.54715801071717       h
   -3.47205294584979      4.28188150976986     -4.46701729780637       h
   -4.98339570175983      3.33823242233795     -1.67512178843602       h
   -5.41819665111774      1.60154430636340     -4.46315030405707       h
    0.76076793922320      5.75570237740199     -3.71183398714613       h
    3.08730243390585      5.19141154002407     -1.42295484630486       h
   -0.04774071439308      5.73462736591187     -0.49427395728940       h
    5.97565337751033     -4.44931293951716     -8.29074677802958       h
    4.34200670437298     -6.86854822189223     -9.85260678878923       h
    4.03772961720647     -6.50896328740138     -6.56877135227539       h
    4.35167297507997      1.47665610020476    -11.93236564234538       h
    4.50163259529210     -1.52604619346579    -13.32443819119049       h
    6.20737369337050     -0.88993284789578    -10.55313719653788       h
    0.64719257308256      3.53860100462540    -11.11510738175426       h
   -2.55962444514935      3.01797030779906    -10.46881296810317       h
   -1.24948155066220      1.94663681087432    -13.32155015451194       h
   -5.23277019812164      0.39404944879998     -8.83653343187749       h
   -5.48947868163462     -2.37229030482307     -7.03845115866395       h
   -5.64191548468524     -2.52554787452370    -10.34197506796611       h
    3.78743663796084     -5.02700008192985     -1.63656120136523       h
    0.72178163162516     -6.26898061165634     -1.74304479864793       h
    1.90996944594722     -5.02082665724787      1.09149528654217       h
    0.18802513785990     -9.77944940631654     -6.28189204636091       c
   -3.03567157499188     -8.31823710373350    -10.76755169635801       c
   -4.93377773716999     -7.44241931569068     -5.45014808571592       c
   -7.63192531567043     -2.27822634411351     -2.05952387154877       c
   -4.14658053611282     -3.87773989220345      2.11264799136328       c
   -4.53329141527720     -7.04127475192548     -2.62009392303520       c
   -6.11795700812822     -7.86030375547605     -1.56761498437256       h
   -2.88471932914270     -8.08946703947090     -1.96186130844353       h
   -5.64159105672511     -9.35990655893397     -5.78467195947926       h
   -6.42006337509916     -6.21141996910323     -6.17102601328241       h
   -7.88372684028387     -0.48589477643034     -1.08551181539050       h
   -9.03415791265955     -3.58567881049881     -1.30061511404039       h
   -8.09350925110660     -1.98263789616941     -4.03877556446942       h
   -4.08450063860711     -1.99377517488004      2.94174847112325       h
   -2.44207120279590     -4.86604313445173      2.70419528396194       h
   -5.75790731870792     -4.87164443501327      2.92668550431334       h
   -1.43718031428350     -8.30945832575599    -12.06564085170965       h
   -4.47010300988025     -7.06763966513199    -11.55318845227091       h
   -3.81664051962185    -10.22517579577486    -10.74147945490910       h
    1.63860004900441    -10.26036539790010     -7.65566972552564       h
   -0.90889397363494    -11.48956637449307     -5.93001828935835       h
    1.13163911057608     -9.28948384596219     -4.52453393924796       h
    4.26342810054517      1.90102655081519     -6.33607263926773       c
    4.17690382844852      2.99064281206040     -8.07901013778359       h
    5.88630401933864      0.62715184115592     -6.52253476202440       h
    4.71153056845653      3.21272314506199     -4.82582041762750       h
$end
