$coord
    3.48091273444298      0.82697982454152     -3.74697252080410       n
    4.82732811714494      0.01508328285116     -1.45660627886090       c
    3.47923463525468     -0.63842639358906     -0.06153612592006       h
    5.80559123013773      1.63137308228507     -0.66265191558773       h
    6.17540772722025     -1.49141196579698     -1.90603853124690       h
    5.29571535419647      1.78783997323884     -5.64110566459425       c
    1.83298131598032      4.63176826635581     -6.77536822458977       n
    1.86606206351120     -1.22807239985222     -4.76554721535384       c
   -1.77889557731657      1.26348246978592     -3.64251374031203       n
    0.57726171766154      6.04100610419145     -8.62721373612114       c
    0.62542919923958      8.68570904157263     -8.62602007391384       c
    2.05336930158398      9.92778652193332     -6.96622605707749       f
   -0.74913654067508     10.08804901011873    -10.36127958400095       c
   -0.67592964213737     12.62554908970945    -10.31082155850710       f
   -2.14690715801255      8.88074070371979    -12.21774709836711       c
   -3.46385575289687     10.23569178612332    -13.91575762955995       f
   -2.16604101536610      6.26436276731765    -12.32225005402353       c
   -3.52064590138704      5.08389534415602    -14.12185272278525       f
   -0.81680383234573      4.88883174479070    -10.55359029330428       c
   -0.92964413276032      2.34931598603123    -10.69378231636488       f
   -4.37004698726479      1.40957561598581     -3.22782013621880       c
   -5.90674346476672      2.80911794424846     -4.87874174457510       c
   -4.92798267091728      3.79410467645415     -6.99003349432967       f
   -8.46375275212083      3.16110076461957     -4.46601060534594       c
   -9.85482862786526      4.51726343364976     -6.10300644252952       f
   -9.62981763406726      2.03523461828062     -2.40950185333839       c
  -12.11997185875599      2.35259644201705     -2.00502533921065       f
   -8.20127281280854      0.56124871465253     -0.78910056830137       c
   -9.32045727893252     -0.55577093812955      1.20455450860947       f
   -5.62976900005702      0.26434555832136     -1.19275849224593       c
   -4.36851715155760     -1.17920465901708      0.47497743428293       f
    0.69796493026958      4.25799240737200     -3.10018140156653       w
   -2.34751364718153      7.60998989887291     -3.08700268661614      cl
    4.33451918748797      6.81028044973540     -1.69683546909372      cl
    0.12502361744818      3.30616085719912      1.45170612048027      cl
    3.94512294807664      3.14941373445871     -7.76786573789378       c
    6.45730459043312      0.24195869841602     -6.38598007305844       h
    6.50692077435167      3.10982084299184     -4.64494639785276       h
    5.31351203084136      4.38465086833803     -8.70910152179302       h
    3.29416160283091      1.80651852313217     -9.20048799956527       h
   -0.65330173921627     -1.25302308778211     -3.42162015493427       c
    2.83662391002445     -3.04590378051937     -4.58158305141832       h
    1.54660908869337     -0.85997927801228     -6.75775569964654       h
   -1.86878667803967     -2.67584528284372     -4.29890506320198       h
   -0.40080205505559     -1.79584302836942     -1.44513873755543       h
$end
