$coord
   -0.90359358456192     -3.13758993129678     -1.51171195088587       c
    1.41686535635766     -1.85844833647436     -1.16242752137108       c
    1.69993622525216     -1.36546659727111      1.46598485272181       c
    2.75710212003037     -1.37566843669134     -2.61855273212799       h
   -0.45618157565330     -2.27705978896473      2.71597945820108       c
   -2.11116629864339     -3.32460937800286      0.87335528833714       c
   -3.92214377430259     -4.18167836822991      1.24074131733131       h
   -1.66789599367581     -3.76514936811179     -3.28931323550423       h
    3.26358199902592     -0.38882082976196      2.33075280823012       h
   -0.84210577955534     -2.11983031233154      4.70839550205043       h
   -1.85527514589876      1.01154099048924     -0.10889800067449      nb
   -3.97024546989181      1.77557750345816     -3.71957602080203      cl
   -1.72185892609244      3.90174204901206      3.01841057789563      cl
$end
