$coord
    4.54916392519725      0.59332486723827      6.96936731148323       p
    7.01037684103775      2.01441797696295      4.91876904117536       c
    6.60200147665458     -0.63914885886529      9.52872399162406       c
    6.11885678880812      3.10270264496549      3.41882059524222       h
    8.11557303194306      0.52506844283936      4.03027351443333       h
    8.28972423464537      3.25166894654982      5.95862871375488       h
    5.44022316643511     -1.31663286138081     11.08445509458545       h
    7.90480821276511      0.78540756965451     10.25128782416536       h
    7.69519412815704     -2.23533444196403      8.83145726020394       h
    3.38398487615655      3.50115663579409      8.54081722446362       c
    2.33891559568008      4.64715685940922      7.19038415375131       h
    4.90979649983778      4.64073991811341      9.32950486563178       h
    2.08967446073014      2.99702406247044     10.05726408000867       h
$end
