$coord
    0.88652523624192     -2.38724699463425     -2.27685162376509       c
    2.77400794082066     -0.49314739794999     -2.21965334488634       c
    3.06159560831305      0.31057901533958      0.31912676919688       c
    3.80339774001194      0.22339841201427     -3.82481380340782       h
    1.30632099634548     -1.02338449183762      1.80995442417621       c
   -0.06727088412742     -2.66821880458368      0.20321571658780       c
   -1.58915758050361     -3.89788014711594      0.76954011149547       h
    0.22868143440049     -3.36889988824921     -3.93062717344497       h
    4.32524958136875      1.76521652352384      0.97221128765023       h
    0.98963231271292     -0.76715660762645      3.80393432301493       h
   -0.88473141660683      1.28769168216380     -1.08142292780737       v
   -1.14154944446033      4.78152322270537      1.36665392625182      br
   -3.69198737036558      1.05782394053346     -4.28462528261726      br
$end
