$coord
    1.95908170622517     -0.99020862128307      0.22668252738046      co
   -1.34023110328490      0.44025797760670      0.00990543448745       n
    0.07654495997962     -3.70264912257951      1.62020471405964       n
    3.77692501641940      1.70998404560636     -1.24657168766680       n
    5.21633675661988     -2.41290172105982      0.59774238570226       n
   -1.80589065534469      2.74630610792527     -0.96087881298115       o
    2.63474351384042      3.63432610425341     -2.33647733129400       o
    5.59219700895994     -4.55309343057195      1.78670475007133       o
    1.10276657406299     -5.86830362346082      2.46140226327947       o
   -2.35435327453671     -3.37012448917599      1.84063354301447       c
   -3.19582039789823     -0.93255852125691      0.87471856164095       c
    6.23133521007190      1.36331885298721     -1.36343273114802       c
    7.07037577353719     -0.99146686747719     -0.23981848761313       c
   -5.87735929746384     -0.10289182553483      0.90560191045172       c
   -6.07730980348503      1.68498441258938     -0.07280653704797       h
   -6.55385138177508      0.14185771759874      2.83731517778240       h
   -7.10250271920969     -1.49063715068356      0.00392092594902       h
   -4.03727777528590     -5.29853922498611      2.99012546495061       c
   -3.32419922869534     -5.85396225585801      4.83931878704353       h
   -4.08113580978605     -7.01227230344853      1.84639659487416       h
   -5.95559565548339     -4.60804726267057      3.20203888120429       h
    7.94607041417553      3.17961642805878     -2.64320159483700       c
    9.76814640726032     -1.73781289816927     -0.02635321668988       c
    7.05043325512042      5.02172631208945     -2.75693841475765       h
    8.36846741839853      2.57668694052276     -4.57211422192252       h
    9.73917335027562      3.35160478064651     -1.65205151042495       h
    9.89419262672475     -3.71538832861332      0.49928159039022       h
   10.75631306526714     -0.63322372728513      1.41050538400235       h
   10.76654650870075     -1.45056921375878     -1.80313237368368       h
    0.01968525240737      3.31944762377099     -1.57979321772389       h
    3.06833760310318     -5.52220905777653      2.20308138678942       h
    1.48248305973294     -2.25233924230911     -4.07243881030903       o
   -0.27544404915171     -2.71463787730817     -4.19759706150362       h
    1.54222799878793     -0.54708425417272     -4.72763742963619       h
    2.61192433404797      0.59365615679295      4.35763147940835       o
    3.70716707745544      1.98551895189495      3.92291850084295       h
    3.75454258532890     -0.71638821162959      4.91606446750978       h
$end
