$coord
   -8.73618471742976      3.95635982113485     -4.29793524752629      os
  -10.91487285934805      4.79594636348193     -7.37395423008235       c
  -10.03721609925882      4.66279454249676     -9.78257155770020       c
  -12.85784449572732      5.36304687875362     -7.03331868426892       h
   -7.33773512078724      3.81126427667362    -10.04649134445386       c
   -5.91470033484391      5.65019701759981    -11.42735181877288       o
   -4.21957883844196      5.01427312795142    -11.66229394036326       h
   -6.50252963399035      3.48341323093814     -7.39636850487679       c
   -7.21980675754033      1.97596087826380    -11.01097451228329       h
   -5.10716230945352      3.13189149430985     -5.46264692670359       c
  -12.54434819095488      4.98087969935024     -1.97642985545667      cl
   -6.74144163466475      2.97752018059263     -0.09987364473635      cl
   -7.77921354090359      8.37794997597941     -3.57958054912385       p
  -10.13747407230959     -0.40239699507940     -4.05408303829913       p
   -7.77742805764028      9.30762490265730     -0.27922259867569       c
   -6.36551036227182      8.21590747791555      0.72825262685957       h
   -9.60963564785973      8.87586146212932      0.53429672858755       h
   -7.38589678014498     11.31866393840445     -0.10951603563885       h
   -4.68738571016801      9.31990353766808     -4.78635169704150       c
   -4.58097760185492      8.93353282730781     -6.80048880022089       h
   -3.23320106879286      8.23292285400955     -3.82713973745318       h
   -4.35349735103568     11.32060419104620     -4.45630955308880       h
   -9.99206766425292     10.53908471683302     -5.09985420006889       c
  -11.88796220261513     10.10382476669652     -4.44459845023395       h
   -9.90777920536128     10.27915937007927     -7.13494924528365       h
   -9.54772412092036     12.49363583902645     -4.64623423116147       h
  -11.64011508317795     -1.26808457620293     -1.09532175350188       c
  -13.35430854569496     -0.17041262342341     -0.85410232799492       h
  -10.36325846684264     -0.81637734335742      0.44334431021505       h
  -12.08310371827511     -3.27543881594689     -1.09263578410345       h
  -12.41315988193198     -1.32213779245908     -6.48150429587688       c
  -11.61117615997777     -1.00456198946926     -8.34566109987233       h
  -14.08990351721285     -0.15205380903532     -6.28348103623291       h
  -12.94748840738156     -3.29849811210067     -6.30018929683158       h
   -7.51460346880585     -2.61447782374398     -4.38671487651172       c
   -6.14997518546554     -2.20959470496380     -2.90722055336525       h
   -6.60571033596390     -2.36910583544450     -6.21158749684426       h
   -8.16211562545825     -4.55648412810817     -4.20734826911596       h
  -11.77924290609948      5.53989702278567    -12.48176876933384       p
  -15.12373000898899      5.52526568119637    -11.79887562071537       c
  -11.18907804207447      3.37377410388573    -15.06241728421732       c
  -15.55897622335895      6.90668193878737    -10.34534044469340       h
  -15.70274849988148      3.66655974857407    -11.15100802724116       h
  -16.16916394322753      6.00842042111720    -13.49976237087120       h
   -9.19073377513341      3.40264410491425    -15.53246316529675       h
  -12.26495393857174      3.93512044199218    -16.71969881047526       h
  -11.73209060931762      1.47024485695239    -14.51876743320266       h
  -10.97277732034098      8.66747174734106    -13.61537857940478       c
  -11.41082547403970     10.04888765710470    -12.16102816053363       h
  -12.02934246054165      9.11720946353296    -15.31987984306641       h
   -8.96025188126761      8.73093120697672    -14.00455712702746       h
   -3.34018971483276      2.72132474956788     -4.55930590950941       h
$end
