$coord
    3.58815604972499      1.42931941602054     -3.02596771322313       n
    6.09885870128296      2.22264891026374     -2.15205861434865       c
    5.89857980555564      3.15696556720493     -0.33931264745613       h
    6.88749372325416      3.58280280727364     -3.46289311225984       h
    7.35760786857174      0.58584360675102     -1.98176318637278       h
    3.68033669743794      0.42506888287006     -5.63712469664808       c
    1.24559219554490      4.01977898186263     -7.01273800896715       n
    2.45735262720072     -0.36858876205527     -1.22009957836788       c
   -1.53892178283863      1.60838905658097     -2.44953790416960       n
    0.37735255819023      5.52796675603187     -8.97288277471142       c
    1.91214593376137      7.10068989825604    -10.46256526880615       c
    4.42620880607008      7.18367068957143    -10.11084340003658       f
    0.93290093471539      8.65002080937930    -12.33502180989093       c
    2.47751021078880     10.15085971277953    -13.68927323564659       f
   -1.63937412875603      8.69010056069034    -12.80410915189909       c
   -2.59722447482862     10.20943983357409    -14.60296295626909       f
   -3.21163599555502      7.12842416035428    -11.40865992197087       c
   -5.70006925868625      7.08530825899391    -11.91718752423457       f
   -2.20900532203448      5.55502180420758     -9.57840661136942       c
   -3.79387460425099      3.95818486759449     -8.43047018980576       f
   -4.14877052675609      1.40137161297015     -2.78411644054116       c
   -5.85179227942019      2.63106526500320     -1.17513168684665       c
   -5.01465386841998      3.88091513736090      0.84157102716966       f
   -8.43837034569239      2.55043335642208     -1.58815758806053       c
  -10.02850393708333      3.75839218930001     -0.02079519474586       f
   -9.41126339340317      1.15456895119872     -3.57878820446969       c
  -11.91917403865521      1.05325221206476     -3.96816082714701       f
   -7.78102545970295     -0.15132285166167     -5.15742472238060       c
   -8.71672308326114     -1.50751717538900     -7.09387056397914       f
   -5.20073077261630     -0.02369085791707     -4.74552932090884       c
   -3.68335853619068     -1.27997530571720     -6.35691459084325       f
    0.58411437616484      4.74774415886051     -3.20504093970347      mo
   -2.86738675156928      7.58869991668584     -3.74225019886819      cl
    3.87446408264954      8.02694724925375     -3.77083628182763      cl
    1.26307310823454      5.43383585565336      1.33793635845297      cl
   -0.32477411705654     -0.77349039415985     -1.75913422315645       c
   -0.58416285731090     -2.18955092016230     -3.24550602548844       h
   -1.19862221793476     -1.55849048543270     -0.05424487931753       h
    2.67191979117927      0.48021235282411      0.63473176883672       h
    3.47292325007632     -2.17596641943005     -1.25223786721848       h
    3.54249922398516      2.57093626294798     -7.51623405980845       c
    5.22671075929412      3.75649175508755     -7.36578462531387       h
    3.50764764971842      1.79206458569299     -9.43052543769075       h
    2.05536863162590     -0.79607450473573     -5.91313181276899       h
    5.39642533254748     -0.70095095524180     -5.90552811744766       h
$end
