$coord
   -0.44617250492434      5.87458605440651      0.00464864227480       c
   -0.88278582525721      5.18296396211702     -2.43292602348519       c
   -1.98988636022628      6.20821816560560      1.30396398814875       h
    1.40923296601197      6.47343190304777      0.62181123831284       h
    0.61338882860478      5.21463794730017     -3.82807699176121       h
   -2.78624457219338      4.95079364014896     -3.14469748618147       h
   -0.09828702057389      1.54105699436754     -0.05397920852497      cr
   -4.33719327948583      0.05131912153065      1.28211986799806       s
    4.30668920191238      0.64583233315035      1.06261600540688       s
   -4.32454304852691     -2.23876816652694      3.86546521816498       c
   -4.54098057230540     -2.04596504920031     -1.48053334070553       c
   -2.15575380150223     -3.54274307604787     -1.96880833472220       c
    0.05933976752555     -1.89572034566244     -2.41530811441750       n
    2.49258599360626     -3.23279001047546     -2.08494018689152       c
    4.67903871978055     -1.43300749165849     -1.70017126039478       c
   -4.99256435255726     -0.80406595721596     -3.05697893730110       h
   -6.14095678264990     -3.31235407779849     -1.22595224207150       h
   -2.46503786962744     -4.82769839675974     -3.55649296837106       h
   -1.73153559419533     -4.71558653625389     -0.33631683742544       h
    2.89500727608358     -4.46557963690724     -3.69291294878022       h
    2.30706814943349     -4.45160235432049     -0.44191174105426       h
    4.90249478586018     -0.15550846810334     -3.29671194017886       h
    6.43960694978457     -2.47696059474486     -1.50162886279354       h
    4.67872676975376     -1.60809461015860      3.65573795007049       c
   -0.02883588462696     -1.26427106990377     -4.22524097943989       h
    3.24588882684922     -3.07282501041761      3.60685221976858       h
    4.47804312395776     -0.53150761512809      5.38893096795288       h
    6.55602273114689     -2.43351466190138      3.59036994870535       h
   -4.21419212721525     -1.15169544712640      5.60040385467418       h
   -2.71190577120358     -3.50010582556093      3.76367590800149       h
   -6.07558900545039     -3.30819426059562      3.85423788908407       h
$end
