$coord
   -3.12632225688490      0.41108260596755     -4.79002312242489       o
   -2.30709315629755     -0.82064925258415     -7.50989076207916       p
   -2.37847309342739     -3.62915052825575     -7.72392907547185       o
    0.84003573744703      0.42088787137840     -8.09777997811631       c
    1.41832237431962      2.96830880014356     -7.75589244896332       c
   -0.02290730827643      4.27027314176158     -7.11857903995358       h
    3.84091702173713      3.83891085827718     -8.23283539436367       c
    4.28377223079378      5.81671189900819     -7.96484298320819       h
    5.69829020845421      2.17430991973877     -9.05308370639841       c
    7.58913478469827      2.85836748589615     -9.42517622750335       h
    5.12963820517441     -0.36270092748189     -9.39479820249379       c
    6.57563365899830     -1.65999078123910    -10.03151240119174       h
    2.70549815898580     -1.24207634668864     -8.92305858643743       c
    2.23310187422076     -3.21443789940823     -9.17163719492049       h
   -4.48915958989425      0.82407563303608     -9.55970488038116       c
   -5.47247225803818      3.20142621845145     -8.99806290830417       c
   -5.01414874098558      4.10560784108637     -7.22563414011009       h
   -7.08806639747956      4.37965684630692    -10.69034610868767       c
   -7.86230131605124      6.21788272041741    -10.24210229291032       h
   -7.72237456335360      3.20054759776664    -12.94658064220730       c
   -8.98371832826297      4.12615970704722    -14.26324584586666       h
   -6.75206930532031      0.82861011247140    -13.50572969703253       c
   -7.26151701726492     -0.10144882333437    -15.25323887552937       h
   -5.14071869168131     -0.36206106866584    -11.81856813730474       c
   -4.40669196419582     -2.22691364175876    -12.21980793971163       h
   -2.08328122184048     -0.25259394459232     -3.44739779689847       h
$end
