$coord
   -1.52660467844322     -0.47374732114163      3.22204619458978       c
   -2.81817110078125     -2.84820574503685      4.17961509573874       c
    0.24898645767914     -0.20529041240081      4.26611227203828       h
   -2.70627377956038      1.14208865783216      3.72364698312324       h
   -3.23955910545509     -2.66246167525591      6.19734185491318       h
   -1.55209488270542     -4.46506953467266      4.04745179479267       h
   -4.88692159580058     -3.97904246597012      0.00091601458999       c
   -5.24923397711202     -3.51724441411516      2.81383525044041       c
   -6.62726122460173     -4.80088579734891     -0.75914985942747       h
   -3.41591060802464     -5.38848529133750     -0.33273901574993       h
   -6.07646869325386     -5.19846405214203      3.67164596812008       h
   -6.63916478162507     -2.00888624648580      3.07104442444283       h
   -4.38586646245369     -1.64557521363660     -1.49965526580853       c
   -3.12547656117530     -1.52732600826079     -3.75015121829748       c
   -5.59508901746459     -0.05723507461962     -1.02252030674058       h
    0.48119577838366      0.24240821775459     -3.64422613579882       h
   -3.41563618913928      0.02307376164944     -5.03787591276477       h
   -2.21076611636518     -3.17468800642165     -4.53797085884679       h
   -0.38208660219321      0.07280456471870     -0.55806926789373      cr
    2.41517150024849     -3.59702363762474     -0.82112455235957       s
   -2.09425847462366      4.34845138174247     -1.04477999386351       s
    2.75764695127429     -5.53283000039822      2.00920240137406       c
    5.35488832238602     -1.76861541505425     -0.56376420707199       c
    5.04450607620762      0.50607192838499      1.13153216062634       c
    3.02886283201734      2.10527550925664      0.08204064612329       n
    2.55616039154427      4.51518253224221      1.38759901585848       c
    0.80653729505265      6.08344773620820     -0.23497325275630       c
    5.83521497475754     -1.20510833196515     -2.48145762968427       h
    6.83553297909033     -3.01997605651297      0.10974679998332       h
    6.82471462940320      1.54964118768080      1.24761650216694       h
    4.51351729897455     -0.04117566852623      3.03894750164983       h
    4.32139445459202      5.54254691698770      1.70422746005921       h
    1.72169679144049      4.10610229788052      3.21973746010417       h
    1.69325729797317      6.56852536167892     -2.02577092369270       h
    0.27645760071949      7.83755470865851      0.68765416353583       h
   -4.11820792940984      5.30860524559734      1.57108860754964       c
    3.51259971124769      2.50724407448789     -1.73116498690377       h
   -3.16235031078881      5.11780128981911      3.37251861364121       h
   -5.76772410727053      4.09280801318456      1.54807927957867       h
   -4.70259855138692      7.25029207713868      1.26378821942230       h
    4.47598292851137     -6.63850114499224      1.82161363577796       h
    2.80645441076421     -4.40248771688820      3.71619540139770       h
    1.15851616954460     -6.80912069981737      2.07543837118146       h
$end
