$coord
    3.57495821803613      1.55662957662929      8.20256764457840       o
    6.93766052418624      1.48920716011761      5.15034120973657       o
    1.06520964324702      1.81831940361942      7.04665305142642       c
   -0.69499826477102      3.32583469136272      8.68528549221200       c
    0.34935542768656     -0.07096456931588      6.64403566908696       h
    1.42292122356102      2.77303675084969      5.26129056765364       h
   -1.12419835844866      2.37884194418659     10.45649919371217       h
   -2.47425693867586      3.58452421976623      7.68575667947147       h
    0.08065379414775      5.18292105194379      9.09677681813889       h
    3.79428543481317     -0.39843721733515     10.15733644249235       c
    6.37898343250721     -0.28103605294455     11.32018453149617       c
    3.40742355636948     -2.22089825614266      9.27532343977797       h
    2.32845854385779     -0.00997928833491     11.53940119967645       h
    7.86035231635285     -0.69841775891925      9.95833869883359       h
    6.49536841057989     -1.68829691439370     12.81454099227120       h
    6.73547657779131      1.56025282138576     12.15953255816216       h
    6.36737370259849      0.11059639612383      2.81498415928573       c
    8.08773707390396      4.01494702250578      4.88578753342900       c
    8.71951305494030     -0.82953733234930      1.53797581319875       c
    5.25448082258119      1.34496721939816      1.59761982757108       h
    5.17548959129557     -1.44676813606560      3.43280454010403       h
    9.90596978416704      0.70629002460720      0.86339635501385       h
    8.18150899473358     -1.95089122155564     -0.10056099403070       h
    9.82378768417161     -2.02190417954021      2.79430157021735       h
   10.74608121378471      4.01563953860689      5.87373932658557       c
    6.87371700408015      5.29150838308044      5.94742360900638       h
    7.97937967991306      4.53218142375568      2.90039248545755       h
   10.80488370234311      3.47960186187268      7.85643983808186       h
   11.52421730098450      5.91377133575678      5.71118342085293       h
   11.95362563629218      2.73874127714214      4.81232044171963       h
    5.24156124130580      1.47065464070379      6.64387066329778       h
$end
