$coord
    9.78416283425235      2.79004573186520     -7.79912748069582       n
    9.27961690664866      0.19871362883818     -1.00923462364063       p
    1.44628657783502      2.81925026982606    -10.46178751530859       p
    4.37463874253608      3.52198560374558     -8.73151614309189       c
   -1.04626071635885      3.47401400372996     -8.09000754807793       c
   11.43220040999909     -0.80021149634567     -3.59346415046511       c
    6.27693504448315      0.57928003126354     -2.68584407943488       c
    3.57706001828598      2.48544024052425     -1.21688950288402      si
    5.60878787675666     -1.22312353804268     -3.43834485864976       h
    6.84810589118993      1.67785591582305     -4.33744398285353       h
    4.93683764842224      5.80367280821269     -0.99732090108070       c
    3.15570935826830      1.48183496867559      2.22371440064215       c
   -0.99993753078395      1.38036338675835     -5.09189338589799      si
   -2.87168476143004      3.20025483799264     -9.01902265198696       h
   -0.94566843367378      5.44473883435052     -7.48198346721751       h
   -0.53303694640966     -1.97939668568748     -6.30604214038577       c
   -4.46086424701472      1.49510979556473     -4.04480612168367       c
    7.47564112760394      1.96278146850807     -9.74357612478898      si
    3.99223472178313      2.78704957314605     -6.84443403662753       h
    4.61863758307666      5.55137800734858     -8.44478796177217       h
    8.12596844498183      2.86050165820963    -13.17694890564465       c
    6.72876322143511     -1.55641323862411     -9.90259280737235       c
   12.17084482417754      1.75197724675412     -6.09427246354045      si
   10.64037864258361     -2.45594828185433     -4.54325769668445       h
   13.22504791598066     -1.37983918876016     -2.74270046959172       h
    1.07915149680551      5.55166025079521    -12.59271085280032       c
   -1.25464195110577      5.95089509371294    -13.77961752823010       c
   -2.81999972914807      4.70541841715283    -13.33997844418270       h
   -1.60749232499498      7.89687885128577    -15.49242953758522       c
   -3.44547327563692      8.16425282080482    -16.36082644149956       h
    0.38099269400500      9.50760323670598    -16.10088023951614       c
    0.11459534527626     11.02705136290976    -17.44904591479462       h
    2.71182971964949      9.12780876798264    -14.96017509277757       c
    4.28456918488431     10.36346297137980    -15.40599888391454       h
    3.05331747847718      7.18800834688095    -13.22597929030455       c
    4.87998489757076      6.93923973801001    -12.35492728044705       h
    8.87331442233369     -2.82905405659737      0.67602550619590       c
   10.97188793447387     -3.92089073847803      1.86252326614749       c
   12.79209895385270     -2.99129597804274      1.71305507621193       h
   10.77242558938706     -6.14749433709036      3.22285520264466       c
   12.43815058744163     -6.95379697457344      4.10544511683749       h
    8.44464033220855     -7.34783111126283      3.46373344233529       c
    8.27695662929329     -9.08406993140485      4.53851106130476       h
    6.34028371692290     -6.27948337136331      2.32004753658726       c
    4.51125419022712     -7.18769304300189      2.48698656124175       h
    6.55244938949809     -4.05886794907128      0.93731373177793       c
    4.89304865617860     -3.26882604425086      0.05251347803994       h
    6.25485658513270     -2.28035645283910     -8.03335095545762       h
    8.37782517704968     -2.60431415913707    -10.57109479043649       h
    5.14366230890471     -1.96745441784555    -11.15759068250687       h
    8.70339263050917      4.83376943682406    -13.33327882619356       h
    6.49752578745857      2.56257006982703    -14.41077028431222       h
    9.68883819402746      1.71575508090236    -13.89187040737226       h
   14.83382629044296      0.18089253216216     -7.98708350767878       c
   13.77845431783064      4.38526882301363     -4.24897937479934       c
   14.13083811446695     -1.50670569923250     -8.94467855753895       h
   16.44822078468202     -0.37580993417034     -6.82008992684565       h
   15.51213293025343      1.47512682444043     -9.44507828191002       h
   12.42928263027102      5.27712786750588     -2.97335593875007       h
   14.47177312607147      5.83698993164285     -5.54150193724297       h
   15.37039315708009      3.71033246798960     -3.11737380092872       h
    2.24775845904615     -0.36263773847721      2.36709232838884       h
    1.93007461001757      2.83977965058626      3.18196529192992       h
    4.94483919067454      1.39717888145905      3.25080066578188       h
    5.39777082710117      6.50229558104614     -2.88005319394139       h
    6.66287161788324      5.86075642954744      0.13333141242991       h
    3.56280407927428      7.09704363682801     -0.16033576809986       h
    1.37023282381533     -2.23451419224071     -7.04932636995212       h
   -1.85532354288745     -2.47447986856952     -7.81486010523867       h
   -0.78142890409675     -3.32703397111361     -4.76164099287716       h
   -4.98898117964127      3.42283656331464     -3.53205813838138       h
   -4.72251266600138      0.32122993200641     -2.36780487346746       h
   -5.76863864989707      0.83596796658009     -5.50430772328036       h
    0.93548943662198      2.30846692944042     -2.86109665205355       n
$end
