$coord
   -2.76725734222453      0.84288541581673     -0.11860553243486       c
   -0.76339074493339      2.57679115397979     -0.45541043925744       c
    1.53627828331606      1.21786002339105     -0.46753634810538       c
   -1.01995830651326      5.35509589124795     -0.66599632130827       c
    0.97254755342047     -1.40995422696041     -0.09185843972160       c
   -1.71007356128727     -1.64725505645714      0.12704827782502       c
   -3.12542788510209     -3.99208688152841      0.73406870291887       c
   -5.45711646900832      1.55161665235151      0.19678559946606       c
    4.08232175943538      2.37850261382959     -0.57220109238768       c
    2.85485304682097     -3.45908399174467      0.27112053775882       c
   -0.77603388724697     -0.61084426274238     -3.95793276361704       w
   -1.27602012954700      3.14497132378634     -6.33935920233839      cl
   -5.10849250397678     -1.37758732278969     -4.97734291796395      cl
   -0.52895134568135     -4.07626929470515     -5.03575214678854       o
    3.47043777430343     -0.60501319425589     -5.70500093995112      cl
   -2.80843832758757      5.88792465157724     -1.51534756066028       h
    0.47886871025762      6.16982275830142     -1.80347769307751       h
   -0.92788912189452      6.20322881187356      1.21310470876614       h
    4.19839518999200      3.81966014972315     -2.02877298478001       h
    5.53870842975239      0.99211785394916     -0.95448247569758       h
    4.49583057473736      3.27058348644444      1.24196460956325       h
    4.49439086191067     -3.19580156586148     -0.93430753598605       h
    2.04995495549649     -5.29731854779392     -0.15421311569045       h
    3.49632304515664     -3.48897504584924      2.23069929913453       h
   -2.17024914370270     -5.65349404428134      0.00353647645358       h
   -5.00518813454685     -3.96079745143032     -0.08398463466612       h
   -3.30638111597003     -4.20039385895698      2.77815702095531       h
   -6.03853561971591      2.94856247088279     -1.18977210408456       h
   -5.72793156405100      2.36331071273982      2.07455850482835       h
   -6.70023257717943     -0.06288509866458      0.00768207725337       h
    1.18801344939981     -4.48786254519203     -5.52818884971629       h
$end
