$coord
    2.08800892130765     -3.74764080191610      8.20640438043343       c
    1.70414217289246     -4.31517729407729     10.77553191510538       c
    4.04567742118523     -5.12874200197818     11.78332324467336       c
   -0.04261056239501     -4.11792642526292     11.79939938372386       h
    5.86453193292134     -5.02471083616838      9.82874238578991       c
    4.65620633292861     -4.20852300691025      7.61478643892298       c
    7.83331681144681     -5.51168498008835      9.99409619409172       h
    2.67259161671536     -9.93468491729426      4.85301607769725       c
    0.81292285257782     -8.03591948167650      4.86379765261950       c
   -1.03665094604399     -8.68574410959554      6.68437547261809       c
    0.79135430274595     -6.38268029959383      3.68160217859620       h
   -0.37282578179660    -11.03623143691537      7.77191147362099       c
    1.93222071355541    -11.77287998762763      6.64553926248914       c
    4.38371643582839     -5.66643813570975     13.71778864014564       h
    5.52831450455305     -3.96841340477324      5.79197454030992       h
    0.67159107884201     -3.05899933820990      6.92251086495437       h
    3.02739275686488    -13.41655826953825      7.09904352869715       h
   -2.67014055112237     -7.56850953311020      7.15401211493234       h
    4.31989280965879    -10.01655037218609      3.66235172235542       h
    2.75599665019916     -8.08175564894498      8.80394754867353      ti
   -1.59861675506445    -12.15920374909945     10.10398605904650       c
   -4.47664813563824    -12.05497410579079      9.93470072958244       c
   -0.73545144668350    -10.45151559807091     12.28741905534059       c
   -5.16930872246860    -10.12291283463862      9.80813569786197       h
   -5.29170247877890    -12.91394543863399     11.61173406372331       h
   -5.14835680558287    -13.08188292604518      8.28435101573330       h
   -1.56025160898300     -8.58129502055175     12.10897732595058       h
    1.33916087656798    -10.28370400231679     12.40042892506044       h
   -1.29536629074796    -11.20182142044671     14.11467269893197       h
   -0.75110566791194    -14.94511682776221     10.44788893713298       c
   -0.59386533177704    -15.80268627303345     13.16911184051864       c
    1.02407001396133    -15.28319177253458      9.50264780603353       h
   -2.13125458291484    -16.15765893024855      9.51846292128796       h
   -2.34241867331490    -15.51301592675866     14.65411166504750       o
    1.62723579929221    -16.87396093119979     13.94374028330735       n
    3.79017696184339    -17.59082938339061     12.41914886187210       c
    1.56580622923942    -17.50057182496368     15.74142403805332       h
    5.25159231490308    -15.40102603234812     11.31116938907541       c
    6.57449051561773    -15.69861309633810      9.04628261227688       c
    6.57860514525679    -17.52086038786253      8.11516049054353       h
    7.84996837639143    -13.69246645590544      7.94883997038902       c
    8.85729699220450    -13.96721652668095      6.19341979241639       h
    7.83742361367554    -11.33247829341289      9.10497397065693       c
    8.89222359004023     -9.78709309923426      8.28739395369828       h
    6.59488666556693    -11.03780529332102     11.41108149023788       c
    6.81180437890353     -9.31437965304215     12.47811527524918       h
    5.31843445888464    -13.06851163166504     12.49992479049148       c
    4.38170659014408    -12.83841734232137     14.29984975532043       h
    3.23638183704530    -18.87377932623568     10.90262369964466       h
    5.03761990788625    -18.68401125847847     13.63916096453320       h
$end
