$coord
   -0.01810547472318      0.56709785094450      0.49427385973734      si
    3.50173673373080      0.02440387810340      0.14017184967017       c
    4.95552033258746     -1.70123420980981      1.50388046989297       c
    4.07543537444085     -2.86205486234949      2.94249693085547       h
    7.51326911836392     -2.00298842678885      1.01526749201287       c
    8.61123277944173     -3.35679957087314      2.08633579354988       h
    8.66496989689125     -0.57055959862982     -0.85836498252556       c
   10.65924885318875     -0.80272941750409     -1.24892650103357       h
    7.25198324161837      1.14980986282393     -2.24176463601170       c
    8.17079804074012      2.25166261404713     -3.70036339946711       h
    4.68312044084780      1.44657477873263     -1.75517045465803       c
    2.68219064782916      3.74464552344567     -3.44887690455318       p
   -0.99505992466285      1.65724445631766      3.75713206603893       c
    0.12486345328924      1.08874471792808      6.06982096377294       c
    1.84007471917280     -0.02774397097037      6.12501784191543       h
   -0.89754196320381      1.97545872364314      8.31941451557070       c
    0.01601524858374      1.55028896970615     10.10013269679830       h
   -3.09220759973572      3.41069917700062      8.28356515601421       c
   -3.89686346439142      4.10138437343018     10.03269698524741       h
   -4.25054278315435      3.97628773757282      5.99718884120202       c
   -5.95928081484431      5.10204468948807      5.99721372774340       h
   -3.19356331613369      3.13971250290683      3.74151906312077       c
   -4.54178502978864      3.86918842284350      0.59769141371159       p
   -1.67110553422274     -2.59831842900787      0.04318890276277       c
   -1.75563357545750     -4.56790243181099      1.79022566711523       c
   -0.79912266313230     -4.36981692361795      3.59051354180752       h
   -3.10600948456942     -6.76043600258873      1.29375407439958       c
   -3.17420757530133     -8.26211914557575      2.68175594214040       h
   -4.38595826554878     -7.02277053931772     -0.98343732758672       c
   -5.44814908863855     -8.72681631810862     -1.37398528115309       h
   -4.31866512658062     -5.08804583431485     -2.75167107831958       c
   -5.32744760617314     -5.31166781842414     -4.51806633932118       h
   -2.98414252075930     -2.87984171859154     -2.23739714730389       c
   -2.76374545838543     -0.19009514328426     -4.44157398225810       p
   -1.53872572883833      3.40132735013604     -2.52188870070153      ru
   -7.47575688028509      1.98635649748143      0.65741165638685       c
   -5.81143639362395      7.08905618256145      0.95023377345708       c
   -5.82462688559419     -0.16202963423994     -6.09756988318164       c
   -0.71598871248341     -1.54462741099027     -6.91617601550484       c
    3.98654090314404      6.78810958023399     -2.35001907267062       c
    3.90616102277953      3.68697200002022     -6.71363409400893       c
   -7.21981073588088      7.24328302621889      2.44200811749728       h
   -6.66800017671602      7.64303970326922     -0.83331643247776       h
   -4.25876326788010      8.37328838427599      1.34307383984090       h
   -8.56789024407558      2.33284121657234      2.36621240403684       h
   -8.62116660209102      2.46487273485109     -0.98090659384479       h
   -6.98816906681801     -0.00638368476710      0.56725970104479       h
    1.12955606936792     -1.92076615014640     -6.09754488020572       h
   -0.50357563906027     -0.18494349951443     -8.44204582055228       h
   -1.48022865603599     -3.30153143784790     -7.66944199039789       h
   -7.32998474663990      0.16057142190699     -4.74288475559692       h
   -6.20085204087512     -1.90675057647732     -7.12188210317465       h
   -5.81386517810521      1.39888243871867     -7.43358128058965       h
    6.01845897375637      6.91653948094883     -2.66107845421146       h
    3.59301285678259      6.97746408084276     -0.34442459847995       h
    3.04313171358785      8.31818101660290     -3.34655523751477       h
    5.88249471883318      4.24453851403623     -6.83748804562471       h
    2.78279902077704      4.99347258095844     -7.83369945150262       h
    3.69118256841034      1.80692854607321     -7.50382944063508       h
   -2.83274952734264      5.95404208188484     -4.96470011028360       n
   -3.57845887288299      7.37023278229735     -6.36415849485945       n
$end
