$coord
   10.06565465989141     -0.94719992741239    -10.75022807917333       c
   12.08968780941337     -2.52206064109867    -11.26137543029948       c
   13.55115483477249     -3.43181334191347     -9.29373440429344       c
   12.98090040926984     -2.67902596634664     -6.85680631940024       c
   10.93394955785046     -1.10631825710661     -6.43519255355340       c
    9.44777947479208     -0.32222499899271     -8.35256042253683       n
   12.52324973040109     -3.01083492371922    -13.19508519094840       h
   15.13855536747422     -4.66227022914097     -9.65872025053518       h
   14.12327666507037     -3.29214069675638     -5.28023011204728       h
   11.38031145634873      4.84130435895966    -10.72883772241143       c
   13.88556218952223      5.42588674469851    -11.20182913497216       c
   15.54959613700361      5.69135215941396     -9.20429691913340       c
   14.66739470713181      5.28891705840891     -6.77624841745598       c
   12.14760362569072      4.70324977481294     -6.39478056190598       c
   10.50874594152120      4.56965716346174     -8.34859321913434       n
   14.52164645695417      5.65346399349546    -13.12803443836153       h
   17.51071139966820      6.15024792070870     -9.53672836528978       h
   15.92835200996941      5.40665416793282     -5.17556617730215       h
    9.54077845917399      4.59146045517372    -12.84865905674314       c
    7.57020510504381      2.65868618411989    -12.49257615972036       n
   10.55548437209997      4.27427465228236    -14.61883996031665       h
    8.57172752577702      6.39639221139418    -13.06244616070418       h
    5.55367071711168      3.17064743261236    -14.34406820306080       c
    6.31335906596523      3.19293819302735    -16.26343743155327       h
    4.69821577352223      4.99071113205643    -13.96360563201644       h
    4.11940117089777      1.71923175749454    -14.24353881154561       h
    8.45219329000647      0.04346493990356    -12.84053460391524       c
    6.77053246816674     -1.13794015716783    -12.96736249463225       h
    9.44440356896084     -0.16251385579098    -14.63984512132620       h
   10.24925727653338     -0.30925056078096     -3.82027411159970       c
    9.23357220812243      2.27173114676227     -3.59128170031827       n
   11.87012744498326     -0.56598763955293     -2.56690144082655       h
    8.78758805041190     -1.58641173903704     -3.13111203685225       h
    8.00046960773969      2.46905686326913     -1.10184576845122       c
    9.32489204691970      1.99474773102102      0.40887708362718       h
    6.41234434740091      1.18165611061813     -1.00042352831921       h
    7.34014496748296      4.37768574538102     -0.79345282920602       h
   11.14756316301247      4.28088776229640     -3.79239393041678       c
   10.24585972531100      6.02163699597802     -3.16369150632280       h
   12.71494567496371      3.93348912171042     -2.49356001982077       h
    6.92117874506382      2.78384808579613     -7.74791524253775      ir
    1.43376694201950      2.11128272058713     -9.69720719015683       c
    3.44964400584571      0.65753656085319     -8.32615602666407       c
    3.86204197025837      0.93745176309191     -5.72070135137088       c
    3.96209984574655     -1.14660398049837     -9.14864881754168       h
    4.68202498127791     -0.67276709751545     -4.76192384300334       h
    1.71968860325249      4.98788298414024     -9.46018047776879       c
    4.33239169462068      5.84095060699664     -8.66956449178912       c
    5.03524331617025      6.05981216176019     -6.12170666361689       c
    5.31332555849128      7.06494731563460     -9.98245443123367       h
    6.47400236352156      7.44869151396090     -5.68050650151027       h
    3.25092039771803      5.41794106816810     -4.00891546254812       c
    2.27847272747271      2.68679739136310     -4.10487930695466       c
    2.17331453062838      1.93016377193009     -2.19939476088208       h
    0.34733637395615      2.64689076889824     -4.81294256105978       h
    1.66853479262466      6.74137888010439     -4.07037554662624       h
    4.17016407063723      5.77970252354760     -2.21523261480695       h
   -0.40513345782920      1.51467016019638     -8.97462531749725       h
    1.42791002009246      1.56085384218648    -11.66933342413030       h
    0.36203073426239      5.72509040505680     -8.10160726770629       h
    1.23469010715124      5.87448489955653    -11.24723450920494       h
$end
