$coord
   -1.63717142773604      2.03575122490373     -0.01623469903687       c
    1.17866628863624      1.58905316277966      0.25472422209420       c
    2.24986404598225      1.07950737102891      2.59986373172062       c
    1.09014682915713      1.10616015861518      4.27718480842412       h
    4.80615107390625      0.51640848842163      2.81051592628057       c
    5.60181532019255      0.13097404191530      4.65381155705180       h
    6.32469775199118      0.45453522289904      0.68122878756253       c
    8.31734138515593      0.02643064407637      0.84584355099075       h
    5.26667690418802      0.94720324715588     -1.67174723018998       c
    6.43287071409817      0.90440794681206     -3.35035097269156       h
    2.72132988194360      1.50115921259286     -1.88144486334460       c
    1.91134089849300      1.88574741035986     -3.71520570606835       h
   -2.88344030705138      2.71207005129565      2.47198131073017       c
   -2.28762723168357      4.97653266219806      3.68408412821833       c
   -1.03140972051821      6.29940780353909      2.76844864864818       h
   -3.29974462022939      5.54771252717088      6.02481467199666       c
   -2.82598812168624      7.32133781680182      6.92459617205624       h
   -4.92185451092753      3.85816701606308      7.21352611011557       c
   -5.71783367184633      4.30742763158694      9.04259499789624       h
   -5.50892962661081      1.59694194019020      6.03633530491864       c
   -6.76374235814518      0.26079552018267      6.94159927099409       h
   -4.49697298761028      1.02649985501363      3.68129511305721       c
   -4.96294133134098     -0.75095855560254      2.79653261202324       h
   -2.96399141962933     -0.12164423602309     -1.35320762561370       c
   -1.85089588660132     -2.49635954789783     -1.52666147510624       c
    0.03112042155789     -2.79468552437522     -0.80011784020738       h
   -3.14573577387616     -4.50589241527283     -2.61307563118133       c
   -2.24282181888687     -6.33616530752980     -2.73288366145148       h
   -5.56929936536109     -4.16955015275175     -3.53939603799220       c
   -6.57415964675900     -5.73176046544325     -4.39422766603407       h
   -6.70130339414600     -1.80642852114165     -3.36091857658348       c
   -8.59440262208967     -1.51877231903862     -4.07734342168164       h
   -5.41421210113015      0.19183489962485     -2.27430720271909       c
   -6.30363764260275      2.02436785702814     -2.14400755824679       h
   -2.00204627069158      4.92378103819876     -2.14698179975696      cl
$end
