$coord
   -1.02403614056717     -1.49537281922779     -8.68043278435825       c
    1.43172945379794     -0.63789901167297     -9.30826762524744       c
    3.10688632789766     -2.72379438492716     -9.08938565960663       c
    2.07924276207012      1.89856737662563    -10.34315295426580       c
    1.70391678948451     -4.82117832386960     -8.18785325233854       c
   -0.84976468708270     -4.06656486586136     -7.95218693067508       c
   -2.98614656099486     -5.79951509398647     -7.36801409416133       c
    5.73406618669966     -2.77946985407794    -10.07721265287341       c
    2.70305625039357     -7.40798250282527     -7.72123989671206       c
   -1.96482084094861     -0.43262818183473     -2.57767433304210       c
   -0.25480867967969      1.63326298195835     -2.64043185439613       c
    1.93422458015153      0.91639830363611     -1.26777510088169       c
   -0.77393384983085      4.21754578571793     -3.62804238243161       c
    1.60560627446311     -1.59727758327563     -0.42767077263733       c
   -0.77363480728721     -2.46213221030053     -1.28970505150599       c
    4.10428437600856      2.62146172550084     -0.73602427887661       c
    3.32511522895771     -3.10587617044089      1.20390474820585       c
    1.64575106764700     -1.65141764572170     -4.98562296994625      ti
   -3.37368158574452     -0.03959053202511     -9.19071022542165       c
   -4.70829147883302     -0.30579904203206     -3.17525679728485       c
   -1.94704456685061     -4.92153048933050     -0.58368936466136       c
    4.67159074266211      3.68340992548789     -2.40522653938154       h
    5.75520991957028      1.59623996063453     -0.08032364138345       h
    3.60961260162660      3.99923989566803      0.71935426430792       h
    5.11195520251176     -2.15541631055110      1.53869756059021       h
    3.74921889850198     -4.94504728454339      0.38169436611321       h
    2.45565375475138     -3.44553564243246      3.04464705900427       h
   -3.55463382069000     -5.37422843352306     -1.77663002896542       h
   -2.62934792120169     -4.88783156729849      1.36710180360147       h
   -0.61016245843539     -6.48020396041726     -0.72422602464577       h
   -5.15812330784529      1.19589413011772     -4.49465070800857       h
   -5.76786004314646      0.08044012500850     -1.44464810722233       h
   -5.45000422561262     -2.06182792698028     -3.93789731704093       h
   -2.17641692775728      4.20112340301464     -5.12881725918362       h
    0.92307438775310      5.09999348222213     -4.38438779031740       h
   -1.49281682812571      5.46107631400197     -2.14197873268983       h
   -2.49258607492128     -7.18236889423789     -5.93001316262261       h
   -3.54176620396910     -6.85766992998471     -9.05214085989625       h
   -4.65220022860930     -4.79467266464187     -6.71659843855967       h
    4.66150336713193     -7.36789735241683     -7.10091506722773       h
    2.62465474937568     -8.56598669054639     -9.43068203926891       h
    1.62102844452428     -8.38992425061592     -6.27413300178140       h
    6.77897864318150     -1.06372972789404     -9.64486685402435       h
    5.70096661318624     -2.97479336944461    -12.13241283957579       h
    6.81500132449434     -4.35860642021295     -9.33610714975827       h
    4.00811168184410      2.43939063661068     -9.87832261453188       h
    0.83459225570386      3.36048478950239     -9.60841325041345       h
    1.91893766753011      1.94016597288410    -12.40418924294834       h
   -3.26756160100336      1.90191910231141     -8.52226723025129       h
   -5.03144437787864     -0.90580159377468     -8.35468494393762       h
   -3.70221493501242      0.05630426892751    -11.22695618639585       h
    5.69193789156510     -1.98091268722791     -4.39671690642728       c
    6.47919618387038     -0.32369327458771     -5.36333178723405       h
    6.56055801106451     -3.62998482299213     -5.26557980703192       h
    6.35166717985179     -1.89773299875026     -2.45664268570380       h
$end
