$coord
   -0.85415348305230     -2.36222042948794      0.59957265103604       c
   -1.79057558751848     -0.32036495701292      2.05229059701579       c
   -1.02303746495727      1.95583081139411      0.88011041266175       c
   -2.91408179682074     -0.47309513644332      3.74063638445903       h
    0.39037517139088      1.30676655375696     -1.27080805731193       c
    0.49080274504840     -1.35625175784720     -1.46337371994436       c
    1.31627402929115     -2.41702094966760     -2.98759322787462       h
   -1.15618058233223     -4.33873032779214      0.97494628597017       h
   -1.47674400166426      3.84011734076637      1.50174400829797       h
    1.12124046415228      2.60750803973188     -2.64943504849512       h
   -6.66824086884528     -2.73950153979250     -0.00943775779378       c
   -6.71725895796366     -3.25915447192973     -2.62745722131753       c
   -7.48051964772794     -1.04025501152623     -3.86414481372740       c
   -6.14893246659554     -4.98679461466908     -3.53709029933664       h
   -7.88656108303733      0.86976523240651     -2.04067614129103       c
   -7.39117869058857     -0.18759019914775      0.35299231627942       c
   -7.51194655368302      0.78101910921477      2.13839653251853       h
   -6.13257551661530     -4.04317001770350      1.45648885701665       h
   -7.57689822218364     -0.79119143051425     -5.87775933461160       h
   -8.41020598281948      2.79799914136419     -2.42417691338548       h
   -3.69034788188424     -0.23130355954586     -1.79680933900058       v
   -3.08483460001155      1.40222508553818     -5.11313526984284       o
   -2.09252829734866     -0.23626569883224     -7.38063118906415       p
   -1.88978994415431     -3.04942204492373     -7.02231022794090       o
    0.96927511156336      1.12455104310423     -8.18522174389143       c
    1.35488063094371      3.72968433396779     -8.16553535261047       c
   -0.19123486945982      4.97700232941400     -7.68051921090561       h
    3.71111260132342      4.71896641730528     -8.73919949404471       c
    4.00202039729685      6.74329689657374     -8.71848411848599       h
    5.70075519535421      3.11272365509507     -9.33708637788750       c
    7.54061892343535      3.88662333786865     -9.78348327632028       h
    5.32629669176957      0.51713556337604     -9.36004924486141       c
    6.87515714682530     -0.73607726827132     -9.82136219587098       h
    2.96660416435820     -0.47559211179233     -8.78897436157061       c
    2.64818807210436     -2.49498154805764     -8.78324349202214       h
   -4.18832692417792      0.55736512576839     -9.99381906095753       c
   -5.54702860786461      2.81219905319780    -10.03077893527933       c
   -5.38200903936279      4.10688849230919     -8.45849365004806       h
   -7.13246174010568      3.36377771788709    -12.04377532573114       c
   -8.18992008311794      5.11362737127694    -12.05988741501242       h
   -7.36934662446827      1.66866688594154    -14.03268085992305       c
   -8.60821603820517      2.09908878056078    -15.60184548915282       h
   -6.02644695860978     -0.58601031402929    -13.99930551423029       c
   -6.22268387219981     -1.91666493334106    -15.53972450340144       h
   -4.44110611749605     -1.14147587943198    -11.98799824638425       c
   -3.41713805041883     -2.91023947019708    -11.92536917498467       h
$end
