$coord
   -9.99678164254661      4.19699843960128      0.91089203399369       c
   -7.72642590442705      5.50796664514512      0.30500812229263       c
   -5.75141642298497      4.50054575438825      1.74417991381791       c
   -7.56591969596024      7.04563487308854     -1.03921532057188       h
   -6.74995259335079      2.54388450792627      3.26365505443425       c
   -9.33710680496324      2.35311787743668      2.75637029797807       c
  -10.63529074439213      1.03317491784158      3.63383223819090       h
  -13.07026107654237      4.62857331328530     -0.54583864359832      si
   -3.80068530968961      5.12780630392423      1.72112894017328       h
   -5.69722555839421      1.40995002459764      4.60728941428743       h
  -13.56454715829892      8.00730369514148     -1.65196376694899       c
  -15.74479910397717      3.83238744760313      1.71242432019357       c
  -13.65248234389860      2.58357255471776     -3.45406635362015       c
  -13.47854925915289      9.31555229612980     -0.06274455186330       h
  -15.38322178245543      8.25694077868109     -2.59736963636210       h
  -12.08667407272010      8.56089697236233     -2.97827237585671       h
  -15.70095766292932      5.06908484303300      3.35960478125134       h
  -15.56090391067638      1.89725358953296      2.39915120084688       h
  -17.59845430420983      4.00910805333376      0.81974050561645       h
  -12.23855490019155      2.97730310421340     -4.90198111180414       h
  -15.52192202559117      2.88263787778389     -4.28449007037732       h
  -13.48090785210369      0.58699815807065     -2.96893620166600       h
$end
