$coord
   -4.16439414408084      0.79417825383799     -1.02121224644277       c
   -1.57204609135427      1.40620127346373     -1.27828196908744       c
   -0.16757934262505     -0.27575896449836      0.24835793904334       c
   -0.80544590120871      2.89596413365836     -2.43531373735462       h
   -1.88450969377914     -1.93324912529274      1.45405124027445       c
   -4.34723575617528     -1.26880380858386      0.66774055270011       c
   -6.07135992043225     -2.17451000112456      1.25995897640211       h
   -5.71722576604778      1.72570340244428     -1.95235057241967       h
    1.85472935567877     -0.31426536106270      0.45367499074932       h
   -1.38503526998663     -3.39237509114400      2.78089695167202       h
   -2.68905735057740      2.06926091302382      2.82516150765179       v
   -3.21724196275469      6.62968879934554      2.85275888225175       p
    0.88785436402217      2.26609456728245      5.85437045025326      si
   -5.98355932219484      2.27770516493891      5.98969513116489       p
   -6.11946962279164      7.35137250079917      4.70764807912188       c
   -6.29955652605222      5.61841975650720      6.99133966216304       c
   -7.72824474082545      7.06447398208946      3.45254717231903       h
   -6.13337042611728      9.33500952063157      5.26779506454498       h
   -8.06738420267075      5.89882411878375      8.01438349910564       h
   -4.75313082307085      5.97333228282008      8.30077643053635       h
   -9.18795349048011      1.55870187676457      4.81118927519127       c
   -9.33436773796753     -0.45334567808073      4.42349867348088       h
   -9.52720938964387      2.56158510924666      3.05122847893382       h
  -10.63731675442555      2.07603295292401      6.17806910374468       h
   -5.97439530034566      0.56703254294922      9.00516824174210       c
   -4.29949368320453      1.10081355167906     10.06149472540722       h
   -5.90909240973775     -1.45388280142696      8.64162965945980       h
   -7.65253746005135      0.99769462034979     10.11587668933369       h
   -3.85978717436331      8.23447638919428     -0.16678880770370       c
   -5.35201348189118      7.24126371516759     -1.16978041159069       h
   -2.16627170075052      8.18626736634720     -1.32935731136608       h
   -4.41636001941907     10.19629372325653      0.11025627616694       h
   -0.90333269039266      8.77467210489588      4.29942088172415       c
   -0.56083124817142      8.20003637578357      6.23965713201297       h
   -1.57863904060521     10.71855054382139      4.26039981042270       h
    0.88242441943622      8.64697783708607      3.29850908251493       h
    3.81386425198957      4.08858162273466      4.84670123951816       c
    5.75645117349108      4.69068201643527      6.52895992989117       c
    5.57666106122352      4.16471521315700      8.49780512048239       h
    7.90214561669964      5.96413864181146      5.72724201764500       c
    9.37946216732433      6.41939213935340      7.06792346182987       h
    8.16277821687579      6.65482731029066      3.20749591661309       c
    9.83879185212927      7.64648800315605      2.58037894077000       h
    6.26250318068575      6.06407209221509      1.50120717491971       c
    6.45155132209469      6.59272677167517     -0.46706673942735       h
    4.11530761387384      4.79843654997343      2.32452976466259       c
    2.62618088398558      4.37241701247338      0.98473966455958       h
    2.14690823605401     -0.96079251889757      6.75423761018080       c
    4.27010930934579     -1.95644016369197      5.54083317055031       c
    5.37189695973628     -0.76577625918162      4.29266905159403       h
    5.02544475313800     -4.43978868765713      5.92817443030441       c
    6.68510871960673     -5.16068229024181      4.97233874969141       h
    3.67721817451923     -5.98662246020596      7.55928942914924       c
    4.26552851906184     -7.92120610527629      7.86959540142099       h
    1.56580275578867     -5.03097298571934      8.79329138647235       c
    0.51375865834753     -6.21827455657294     10.08668369090852       h
    0.81289357241475     -2.55566131438507      8.38287174435734       c
   -0.82873986758183     -1.83939117760777      9.37035924515250       h
    0.08749307428199      3.95092971580417      9.56014569823431      cl
$end
