$coord
   -0.69885616241736      2.13258301754902      3.24126174500566      zr
   -0.88603577907701      1.64297401806384     -1.60012338940693       c
    1.24609046487353      3.11792887207353     -0.99883065119335       c
    2.87332484251054      1.51193319753675      0.46680485113243       c
    1.53752822958531      6.47047405489339     -2.04541090705603      si
    1.67960621417133     -0.86880981225600      0.75137052421198       c
   -0.71265250514868     -0.78777720472188     -0.53106547666972       c
   -3.29819037889267     -3.15660991402559     -0.88589347455670      si
   -2.51330529042721      2.33946714103321     -2.60025273098856       h
    4.73008993800866      1.99036160072468      1.15210488374197       h
    2.48450121320576     -2.48616291592433      1.69079379948668       h
    0.70045311081981      1.96776508518679      7.75785457692967      cl
   -4.90023431475492      4.13789663654348      2.35051936396131      cl
   -5.33595292653322     -2.22582435856932     -3.63395537689548       c
   -2.00834689301423     -6.41502541246398     -1.46729042238642       c
   -0.69824431094435      7.02218097251105     -4.74081189245658       c
    4.83990231352246      7.22535954699678     -3.11400195394923       c
   -1.03252432700588     -6.46803658605134     -3.28019983879357       h
   -3.52615420747535     -7.80577906765539     -1.53989011472649       h
   -0.67041235078790     -7.03479010786735     -0.03506302156328       h
   -6.21285002710052     -0.38970836930400     -3.32712758077896       h
   -6.85189561552685     -3.59344535451957     -3.90780195973735       h
   -4.25621285796673     -2.13157240024019     -5.38393044277281       h
    5.31943498157272      6.09875613028119     -4.76983882041493       h
    6.26774114275671      6.85149499170582     -1.68339442460169       h
    5.00223217603095      9.20902357773908     -3.64528777276007       h
   -0.29110244734792      5.78565387893891     -6.33521670776740       h
   -0.56543344534322      8.96676932822038     -5.40721188848046       h
   -2.64826164486382      6.70074143713059     -4.16716609171169       h
   -5.30906681802242     -3.01513202574205      2.06965599275193       c
    0.50477131253088      8.54567374386057      0.67954487959302       c
   -3.35724888515067     -2.11567064450968      4.78043989541477       p
   -6.42515818011587     -4.71691613925294      2.37426572206225       h
   -6.62022081746117     -1.44905864958877      1.79170972206666       h
    1.22539302674902      6.98814666898334      3.68416578349133       p
   -1.55242228579474      8.63131923283131      0.58314211181721       h
    1.21409281532570     10.47297550349422      0.54875770741914       h
    0.04298104971615      9.11224134780515      6.26859878114145       c
    4.75377453349312      7.20949620180185      3.87694387623468       c
   -1.39578613115071     -5.00654731186859      5.34599768497923       c
   -5.50937346607730     -1.91580766007899      7.59508057846764       c
   -6.15059548416964      0.81781520910078      8.21766122011952       c
   -4.37230507359542     -2.67771675885634      9.13942917962874       h
   -7.90681015786175     -3.48321973424806      7.33854545368734       c
   -9.13379071727066     -2.71968800482455      5.87500963927151       h
   -8.96017425226201     -3.42609012271097      9.10961674798898       h
   -7.54622060094731     -5.45396451195986      6.89422675169316       h
   -4.46340973103392      1.91656362305063      8.60527895658130       h
   -7.35755317365669      0.88778355720985      9.88784294031324       h
   -7.15010912765813      1.72863347932609      6.67067255557156       h
   -0.37675589069939     -5.19996811288535      3.56546253886987       h
   -2.87486720363665     -7.43120098329923      5.78330096167026       c
    0.55550182821030     -4.59763599020371      7.41450350654751       c
   -4.28215916741897     -7.78200923846470      4.32805127584733       h
   -3.82375106399782     -7.41064354217423      7.60780368763918       h
   -1.58546247072026     -9.04000857867064      5.79084717066206       h
    1.75606176152389     -2.98112893281406      7.03258240146546       h
    1.74278334489020     -6.27335523203783      7.59357936553681       h
   -0.32852694095425     -4.27377348708088      9.24432507148016       h
    5.35176052952164      6.15822956615840      2.20872622829877       h
    5.79464588245456      5.83391696178923      6.17480684597721       c
    5.83217476802604      9.86551526818996      3.68136250521670       c
    5.13053655324058     10.89317455131587      2.04626128329145       h
    7.88487521761286      9.77136322705345      3.51209725955906       h
    5.41568502653347     10.96702600039922      5.36701353781163       h
    5.19008997212480      3.87659670484468      6.23817658179095       h
    5.18518998940636      6.71249533711582      7.93303374640306       h
    7.85517155491519      5.88699413986468      6.14304104349983       h
   -2.45054367865382      8.15385498179156      7.33391281042267       c
   -0.18298035835578     11.87251923206803      5.49405233637942       c
    1.47870675151161      8.94303654855430      7.74093000363225       h
   -1.66370490366833     12.12398292668754      4.08869934989210       h
    1.55472852538534     12.64699831620615      4.72493901852154       h
   -0.69922626908931     13.00822735332918      7.13507401614371       h
   -3.92093262749240      8.12330716520546      5.89898009672463       h
   -3.07559291754982      9.38635384798164      8.86403495903435       h
   -2.26735509512674      6.25344586424629      8.08191045432796       h
$end
