$coord
   -7.98827384856938     -0.73609253309165      0.31451567599619       y
  -10.99375241779205      2.73996175070900      1.74538941621305       c
   -8.61212165109367      3.96100595193795      1.48361830417000       c
   -6.94387532262018      3.06968486875649      3.35509683101452       c
   -8.13980732626144      5.32464903929241      0.04311286138354       h
   -8.24383105333528      1.28104054801292      4.83896630277812       c
  -10.72422625640675      1.07830131595143      3.86410003739995       c
  -12.20004720509832     -0.10365580640445      4.63735263901674       h
  -13.82177589697414      3.08844784735220     -0.29716933038127      si
   -5.00570355893743      3.64696137414995      3.60848491890405       h
   -7.49532319571099      0.30671667743280      6.46518930030671       h
   -7.01175856903034     -1.72644811614176     -4.45031828633036       c
   -5.74935934987676      0.56238229966647     -3.94266890236912       c
   -3.85172557821361      0.07854770606994     -2.14077255615056       c
   -6.16786927528303      2.36983833691132     -4.78654088526732       h
   -3.89351108595707     -2.52556987884059     -1.46762957946021       c
   -5.88099421062408     -3.62103632790598     -2.94290206999905       c
   -6.39671232392231     -5.59764344407658     -2.95278423591624       h
   -8.52022021678339     -1.98636262554157     -5.79617100267194       h
   -2.58969502618631      1.47578061739772     -1.35850584233307       h
   -1.90015430988018     -4.17127373427581      0.89944616104441      si
  -12.92241905998148      4.69854054648841     -3.33060481447276       c
  -16.34748719473064      4.97333711474607      1.35559431083768       c
  -15.13217143956774     -0.15897180253715     -0.99723763283987       c
   -0.21912013002723     -1.79020312006711      2.92724141974003       c
    0.48326732912197     -6.27145496886635     -0.70373728699393       c
   -3.99959866314780     -6.21910495396997      2.93685724658783       c
  -12.16365531810760      6.58332048488018     -2.99419758331459       h
  -14.55417583449272      4.90638475699774     -4.57049837725095       h
  -11.49580555324922      3.61394320950084     -4.34395031242774       h
  -15.67709254968036      6.86873783584439      1.80111846716458       h
  -16.89506875425536      4.08426186899927      3.13110381219763       h
  -18.04347757575124      5.16119023371586      0.20012923708414       h
   -2.91051539281634     -7.33712751387833      4.28297145131494       h
   -5.10590688091394     -7.53986852679012      1.80526758832047       h
   -5.30991236650809     -5.05584017972479      4.03122075839179       h
    1.00899874923306     -0.57255551034071      1.80905644566847       h
    0.95929518954334     -2.72321775851639      4.33583054180667       h
   -1.55942479794526     -0.58918776818547      3.92646465989281       h
    1.74275330981622     -5.17132840663774     -1.90523007600400       h
   -0.44560775539231     -7.66493077837274     -1.90315368969614       h
    1.64412816939747     -7.29271504385306      0.65856191169892       h
  -16.88978198476893     -0.05985869352125     -2.06907590931731       h
  -15.53252294044858     -1.20730892417354      0.73156703429031       h
  -13.79711982982393     -1.26301713910630     -2.12271199142288       h
$end
