$coord
    0.65156561312186      4.91770921121104     -4.28250798394919       w
   -2.20299212723027      8.31820800419427     -4.99410117569323      cl
    4.29580624924780      7.31263382955714     -4.27086667481157      cl
    0.20119314388228      4.88088424464324      0.09200733571108      cl
    2.46614162284721      0.88362283008059     -4.57328937771228      cl
   -2.95377744740618      2.68155406371216     -5.12258173896038       o
    0.56447868643664      4.57383642167918     -8.55922243033685       o
   -3.63832634160978      2.91227282311106     -7.74151618855815       c
   -5.09126760924139      2.82833449694068     -3.44452613534850       c
   -1.26539276017817      2.69351348243231     -9.29440971169882       c
   -4.58472402887564      4.71993314033402     -8.03328841423611       h
   -4.92771854590868      1.37751073234375     -8.22896980888974       h
   -1.70639707204150      2.90654477138898    -11.29213545095416       h
   -0.36455421721244      0.87587736517167     -8.98477840060119       h
    0.72078673131968      6.75043325661519    -10.18282548272070       c
   -6.41324407567265      1.32634540931399     -3.92233090917522       h
   -5.98397858498141      4.67322624101278     -3.60341562567012       h
   -4.36031801333442      2.56721097041463     -1.55227367373386       h
    2.17441250630896      7.95198940586615     -9.38898095233025       h
   -1.06393775263629      7.76663562203198    -10.22249679584081       h
    1.26347170409845      6.12779224456676    -12.06644968739775       h
$end
