$coord
   -2.77335643334862      0.83662080909132     -0.03778324769327       c
   -0.83147875820745      2.62568608987363     -0.45105953233966       c
    1.51068955065405      1.32104435042184     -0.60573302776330       c
   -1.18963494195968      5.39852290175671     -0.55760653832794       c
    1.01032297317639     -1.31972766532963     -0.23942852943706       c
   -1.66892619872299     -1.60958063256314      0.07505955375989       c
   -3.03923971332238     -4.00241464626431      0.58091779165687       c
   -5.47484042710555      1.45427710467913      0.35087917937337       c
    4.02769786762108      2.50932252615224     -0.93822679153059       c
    2.93568142514703     -3.34450460894533      0.03370300272720       c
   -0.66457122194092     -0.39627247017696     -4.05843157757092       w
   -0.61181712872450      3.56800794604707     -6.24396361969902      cl
   -5.01411614621914     -0.57252538616261     -5.29282169203158      cl
   -0.88701411646439     -3.99161527050896     -4.89253108732116       o
    2.65195336121530     -0.66274393958978     -5.67020075292372       o
   -2.91513474441910      5.90237570362575     -1.54634263635617       h
    0.36603808764135      6.33085873521970     -1.50933515413635       h
   -1.31245150851694      6.14785934344295      1.36181789341849       h
    3.93175528736819      4.09843632733007     -2.23375617519898       h
    5.38659677357890      1.18135510529940     -1.70704061012189       h
    4.74439479982750      3.19253277754893      0.87108521728262       h
    4.61507256938214     -2.94613390513333     -1.07840680760476       h
    2.19832421846823     -5.17170653108602     -0.54320286260855       h
    3.52250130172733     -3.50855993993247      2.00373040520063       h
   -1.99920344246973     -5.62350075520517     -0.12036583361263       h
   -4.87369834608782     -4.01431237292551     -0.33976952329490       h
   -3.33123574990923     -4.24838517347148      2.60782083078634       h
   -6.09346153877723      2.96251093507113     -0.89487505090634       h
   -5.76359700832895      2.07637880712279      2.29768478694847       h
   -6.68305559960895     -0.16448692408627      0.01162358889129       h
    0.69010796366460     -4.82273723309241     -5.29130859145190       h
    3.31660373631486     -2.34989356320574     -5.88999819426044       h
$end
