$coord
    4.25183625761935     -0.32359310304906      1.72174665932012       o
    5.93854619191607      0.30965407682686     -0.29818149739492       c
    4.34837359363754      1.61132188351689     -2.30637591207359       c
    6.80069793304743     -1.42047144177296     -1.04054220975301       h
    7.44437925565652      1.50375082062109      0.44589644858561       h
    1.79799474941372      0.32085788767672     -1.95713917735096       c
    5.12445282603808      1.39388573681257     -4.19837162976817       h
    4.19105028495317      3.62699507715195     -1.90779294938389       h
    1.69488528794590      0.00137722280149      0.89630177610269       c
    1.79169040171298     -1.51676159397132     -2.88972112258309       h
    0.21891408714608      1.41449698665869     -2.69190070828443       h
    0.59389498055608     -1.63566318830574      1.49171267710285       h
    0.88846471504947      1.68009590059862      1.80160276806819       h
$end
