$coord
    0.19188541967984     -5.21788666984996      2.77956561645950      ni
    3.88414086668728     -5.86378318417177      4.34276201045915       n
   -0.02251810951218     -9.39713874119894      2.62618564698316       n
    0.86714837386285     -1.08673300781525      2.27442064396759       n
   -1.89694021808864     -4.81731764028581     -0.74026985692043       n
    4.37114322506281     -8.60027479188703      4.01751301141480       c
    2.01255539412318    -10.14645175296989      4.38109095718162       c
    5.83038616837557     -9.24102419019609      5.33406530460728       h
    5.13187795980722     -8.89587233689429      2.13311397437711       h
    2.46424839754055    -12.15608967884267      4.16842886433876       h
    1.29628855750535     -9.90132095447758      6.28901617889422       h
    0.51977011110155    -10.32999902205306      0.05280759057760       c
   -2.39074017768901    -10.53259856938309      3.54048627709290       c
   -1.29607737838965     -9.43212450080794     -1.97117710838413       c
    0.54496199166861    -12.40261390284526      0.07599990427129       h
    2.41547306096921     -9.72371941925677     -0.46755515514707       h
   -1.07535445543382     -6.66966962867317     -2.67218023427778       c
   -0.84659128850552    -10.49600174158385     -3.67826799321594       h
   -3.23658324014328     -9.94602505403047     -1.53417122726410       h
   -2.13873374520275     -6.33037137271922     -4.41807503816105       h
    0.89984184696829     -6.26105620044264     -3.09484426838149       h
    5.86376088599701     -4.45700578191923      2.95047717595053       c
    3.96009730217667     -5.23510830455517      7.04871631002898       c
    5.57497691668656     -1.61401782546426      2.84922029314193       c
    5.86999268549832     -5.18002722101414      1.02040779695884       h
    7.71152855685290     -4.92022795219252      3.76520976828189       h
    3.41787571898880     -0.66232483627480      1.22387821281300       c
    5.52499094319670     -0.79199544421026      4.73174237004235       h
    7.31082399700554     -0.88950786647123      2.00692155515767       h
    3.52680684141335     -1.59870485544584     -0.60398653946466       h
    3.67286403998452      1.36382129180115      0.86772477303845       h
   -1.08018342594166     -0.36721347720115      0.41028641668702       c
   -1.30357610050095     -2.25759321230562     -1.69876478864789       c
   -2.86382340290042     -0.22394840523948      1.41681442824336       h
   -0.68909139789119      1.50714227913687     -0.37898446364179       h
    0.45546875066950     -2.36123804575270     -2.75280027680906       h
   -2.74384401277814     -1.62995737629797     -3.04290790359952       h
    5.85826522970427     -5.51295026217535      7.82000419421208       h
    2.64135107921635     -6.41303195546174      8.07716521817665       h
    3.39513078224847     -3.29523727042690      7.35291430144975       h
   -2.26563347738460    -12.59634391045354      3.53604915042698       h
   -3.96995788731603     -9.98329324641117      2.36494893027613       h
   -2.78073864280097     -9.89096943083510      5.44076500192385       h
   -4.63204392811008     -5.01384636863431     -0.29696176400326       c
   -5.68548967756622     -4.85335880123059     -2.06931826022959       h
   -5.09302753466102     -6.79675700492319      0.58876125487453       h
   -5.24311026126665     -3.53231590893211      0.97685973694516       h
    0.51511917178160      0.51930443471432      4.51498583658335       c
    0.89408479602154      2.50163525223064      4.06532744462495       h
    1.75946782928256     -0.04924269541799      6.03462964106347       h
   -1.40820898583821      0.35470534894582      5.18952173518071       h
   -2.12628409041572     -4.95491663121544      5.81675998561875       c
   -4.09780138708296     -5.11165307385849      5.23491585393950       h
   -1.88947963229818     -3.18562303041478      6.83384026606954       h
   -1.74300733079681     -6.47120969603639      7.15985416662230       h
$end
