$coord
    0.91034471976563     -2.43611068621396     -2.25834102777697       c
    2.82137188136225     -0.55595649030161     -2.21001169745682       c
    3.12317232010262      0.23826967507115      0.33904961438615       c
    3.91512820540641      0.09096895666545     -3.80137100210250       h
    1.35657072869569     -1.06811086568011      1.83036636371685       c
   -0.05706935844890     -2.69463283377006      0.22599479855125       c
   -1.54582404242105     -3.95368245958121      0.81403516062538       h
    0.24960918087289     -3.42667967065798     -3.90759442201681       h
    4.42152202670318      1.66311536515177      0.99330030824716       h
    1.06173465993446     -0.82224359737974      3.82972077325671       h
   -1.02829467217278      1.44863462972565     -1.15862418206799      ta
   -1.27615129253382      5.08512984769449      1.52918189282367      br
   -3.95140020311592      1.25159659355903     -4.59906417774088      br
$end
