$coord
    0.70554000126521     -5.31812069106151      2.25341200395265      ni
    4.05738808067870     -5.86860444946694      4.27400237994528       n
    0.14685425182491     -9.27166337412361      2.70455754158394       n
    0.93705133156135     -1.30779151060087      2.19535534823830       n
   -1.81245940633350     -4.91662703567503     -0.76614231642249       n
    4.62946938570928     -8.54370018580099      3.72150695336370       c
    2.34710851329993    -10.18246038446306      4.17907421263881       c
    6.22149612195126     -9.21835812192629      4.86237515285403       h
    5.20361940768994     -8.66445284787661      1.75151107592171       h
    2.78530900812929    -12.14845204136325      3.71729677315189       h
    1.84543304065795    -10.16415996480328      6.16822931847283       h
    0.16830426344825    -10.52160771689578      0.20113436480352       c
   -2.17811307929718     -9.89512336942489      4.09372328666843       c
   -1.78763483421611     -9.60814001442448     -1.67874856703643       c
   -0.06876795583820    -12.56375770485441      0.47140895857865       h
    2.04127319129557    -10.24008535894509     -0.60446170691521       h
   -1.42956876723509     -6.94232215453518     -2.65408624671900       c
   -1.64676471170017    -10.85362056430872     -3.31517870275179       h
   -3.69535877390507     -9.90455329620170     -0.97131653066317       h
   -2.69565849654341     -6.62923942828174     -4.26605140422709       h
    0.49568772831908     -6.75060004615786     -3.35690266078842       h
    6.10819462760164     -4.27405075349241      3.24273695680566       c
    3.84557078969341     -5.51016661671283      7.02260716682063       c
    5.61116577642324     -1.45705173044108      3.29594397715716       c
    6.39497271763416     -4.85681466035884      1.28922513695427       h
    7.86985970617509     -4.67563050341595      4.25974818792643       h
    3.54452451839388     -0.52063034097114      1.55080332290165       c
    5.33034824575590     -0.77646260799399      5.21566754285275       h
    7.35215039715792     -0.54442802327741      2.67514003060694       h
    3.93284674326941     -1.19604551695993     -0.35429557709491       h
    3.61897777195907      1.55035464333627      1.47975933573712       h
   -0.77873818230572     -0.48401525198451      0.13999657676206       c
   -0.99592601690253     -2.48726661917851     -1.87075981994096       c
   -2.62147751433457     -0.09105311834927      0.95182606792504       h
   -0.13142741830676      1.29081853411590     -0.69729554275740       h
    0.82862699524980     -2.79150327859989     -2.76699405953528       h
   -2.30482060764440     -1.86113048201867     -3.34938642383242       h
    5.56805210338392     -6.11872310302581      7.99510836321249       h
    2.25749186556752     -6.56888946616347      7.76535183747062       h
    3.52045695340231     -3.54206548561013      7.46684929663025       h
   -2.35126412134384    -11.93136187106531      4.41810773903242       h
   -3.82815058056529     -9.26705683260834      3.06268812688848       h
   -2.16948396414090     -8.92968564165136      5.90382712019185       h
   -4.49386247344026     -4.76093311588559     -0.04968210351346       c
   -5.67380108551613     -4.23019305758240     -1.66479837991707       h
   -5.15223373105696     -6.56101851658394      0.65933372690542       h
   -4.75941990295733     -3.38712886438706      1.44594294369136       h
    0.11476325063834     -0.12041925458092      4.57043817367919       c
    0.11724968767964      1.94407780176385      4.43173529299105       h
    1.34271264195167     -0.65990043335252      6.11356916967638       h
   -1.78096172239165     -0.75530582975437      5.03041044931719       h
$end
