$coord
   -0.63228521865861     -1.87276669517062     -1.53078767166744       c
    1.31549434515269     -0.05172018508874     -1.76653485903392       c
    1.76598549976343      0.99598198427479      0.63346393216744       c
    2.22074633668822      0.50663703332626     -3.49371464596725       h
    0.05554238610458     -0.08831892190425      2.34285382994750       c
   -1.39577728692036     -1.90723301782287      1.00558130224493       c
   -2.84438014077622     -3.09150345281134      1.79684962480096       h
   -1.43388208105875     -2.95548579266387     -3.04976605841036       h
    3.09801805287855      2.46434701186064      1.05513570159195       h
   -0.10287673741858      0.37111940934261      4.31688971237438       h
   -6.69269238480336      2.51513241231433     -1.39859342177413       c
   -5.70042002635976      4.76093397242989     -0.38053436546741       c
   -4.83357692070239      4.24295194630614      2.09852622403412       c
   -5.53953432439693      6.53459202124832     -1.35148265414641       h
   -5.25945647256745      1.67289909523439      2.57657683585176       c
   -6.36623626324031      0.58464495477664      0.38664530269357       c
   -6.88689743803237     -1.36460896992349      0.13695626650195       h
   -7.44622494433668      2.29201710277507     -3.26690037112309       h
   -3.92825036201819      5.56984628813097      3.34020708084825       h
   -4.80362860187285      0.68794990347267      4.29399315776267       h
   -2.36183916441181      1.98460988928127     -0.63586182842552       v
   -0.03648519524608      6.22001493207238     -0.82169769643036      br
   -2.69007482534342      2.10614008022700     -5.45696840676864      br
$end
