$coord
   -1.47305496950785    -11.26080480061130      4.45797278684349       c
   -1.31824271233010     -8.49371596908892      3.93740519862645       c
    0.01155047799637    -11.93676060240698      5.72380265701936       h
   -1.34236841341004    -12.31318741730468      2.69379483602423       h
   -3.29349351655695    -11.75072277326671      5.27738580758615       h
    0.61396223213917     -7.00209779497864      4.59019967725247       c
    3.00315064345237     -7.71568127229684      5.93755525507467       c
    0.53577595194406     -5.02038849940950      4.05156630838467       h
    3.00958496490532     -9.66596693339850      6.57989545177192       h
    3.32320869841542     -6.50961218631882      7.58549281504441       h
    4.64782800145816     -7.46619932935351      4.71040485129426       h
   -4.25273403971098     -6.91987094630003      2.02932800392138      cr
   -7.37940287830636     -8.59245092181350      4.65685091140367      cl
   -4.44740289771872    -10.01638884748362     -1.03242969174135      cl
   -4.05500314998761     -3.97528631636017      6.65988580532901       c
   -4.18957489153254     -3.72469429478520      4.32733258284114       o
   -3.66485295875394     -2.04665606838623      8.23978090238560       n
   -3.30276395646919      0.50511507955524      7.31718428379246       c
   -3.53939800162921     -2.44547376140049     10.94186738573121       c
   -4.28292860600678     -5.81498786371044      7.54866910923423       h
   -3.39742228748732      0.48632364431969      5.27265478072490       h
   -1.46580575745708      1.22253286515277      7.91305293283939       h
   -4.76511364096322      1.75190229756429      8.05994220346734       h
   -3.82089094660474     -4.43257286788465     11.36443078506789       h
   -4.99538521591652     -1.35231681035024     11.90683081473889       h
   -1.70053555038671     -1.87047239724261     11.67265504820420       h
  -12.63684418108902     -8.49041032795998     -2.38207342142447       h
  -15.24791088083057     -6.20653391642124      0.96507318672864       h
  -10.99117927172635     -8.27144492798408     -1.16451569428375       c
  -13.52571339495831     -6.10174579928573      2.08831597481104       c
  -11.33063397927404     -6.08956102386626      0.46057083053169       n
   -9.29609541445561     -8.02574993009976     -2.28098856607229       h
   -9.42700055870653     -4.48805098952489      0.88022882797262       c
   -7.35363110998786     -4.51989513351681     -0.19817976411700       o
  -13.57412752098825     -4.38506846110589      3.21364557936216       h
   -9.87464355815578     -3.04296136084501      2.30354337670167       h
  -10.74239578385029     -9.96055950864885     -0.01711091341098       h
  -13.45370479883554     -7.71861061226095      3.36303874693888       h
    1.51437493788090     -0.16261083094985     -3.53951257758204       h
   -1.22514000048286     -1.52194952243393     -7.46360146833853       h
    1.63888789187110     -2.17693705309237     -3.12414263354924       c
   -0.97201692329977     -3.45355423121839     -6.79106499667078       c
   -0.56209312872722     -3.48926699655075     -4.08843497933929       n
    1.73697752537302     -2.45203906441125     -1.09860729904339       h
   -2.13444767106987     -4.72976973389161     -2.55335763993960       c
   -1.86202054678904     -4.80805490868764     -0.22382280444228       o
   -2.65079592057408     -4.53727761656380     -7.25367415784531       h
   -3.68977232794727     -5.70791953329420     -3.47816221069618       h
    3.34773906501588     -2.92396909522403     -3.99802172677102       h
    0.63663837801773     -4.28154827037726     -7.77690614590084       h
$end
