$coord
   10.65020671516068      7.66429656567130     -5.78866296943051       p
   13.00632530675686      9.50440992091428     -7.76409181705011       c
    8.47538551483798      6.21100296774172     -8.18401568225682       c
    8.78735207490963     10.32421809532279     -4.30260076035836       c
   15.48353141088992      8.03695289781496     -7.91462838851665       c
   13.35797959784121     11.17727133277732     -6.60301493391825       h
   12.18321281695075     10.40273317094658    -10.36932540203838       c
   11.88042671933227      8.83242013233898    -11.66178460575195       h
   13.64972765473233     11.59005157733385    -11.20347489742746       h
   10.45378590986012     11.50807945581255    -10.32083584692226       h
   16.15797859295968      7.50764719014612     -6.04581690781990       h
   16.94589099615250      9.16746460148238     -8.83100332927708       h
   15.27241911358303      6.30344654986988     -9.00439215712582       h
   10.29655945711961     11.59115270616578     -3.67591193401376       h
    7.44891163428456      9.39290229834874     -1.92510627566735       c
    7.01747932857890     11.83689948597185     -5.98782333687075       c
    7.99840398332530     12.71076497670223     -7.56573293746534       h
    6.12263032809512     13.35170367920845     -4.90959960573768       h
    5.50713617244156     10.67239006985630     -6.75730413429297       h
    8.74523699593838      8.39343231786537     -0.68038266777042       h
    5.90143962820192      8.11204144811880     -2.36228296700487       h
    6.65203874031120     10.98222284046842     -0.87933569318390       h
    9.89531277408442      4.13141591816777     -9.58465370187897       c
    7.87188847501113      7.64220189720316     -9.54054397574655       h
    6.14755393147931      5.10300693411409     -6.90480219397952       c
   11.52433313495184      4.83608287464923    -10.61754798235705       h
    8.65238132348711      3.20800693186266    -10.94667311019868       h
   10.56758332177012      2.69455634221883     -8.27144373687076       h
    6.67593909253251      3.81121581880651     -5.38965167363078       h
    5.02626074925925      4.03804322951334     -8.26902409401245       h
    4.92672218840983      6.54524968946008     -6.10269862164513       h
$end
