$coord
   -7.45563931248842      3.54087631554786     -4.30729959703430      os
   -8.59466043620002      5.34282026974853     -7.40563794743780       c
   -7.60645843409442      4.73673296725139     -9.70168691719358       c
  -10.04409994777969      6.79122914981721     -7.25172482689053       h
   -5.73334283470230      2.62089532959644     -9.69241566779039       c
   -3.46497152809704      3.17708635505656    -11.09769084667780       o
   -2.52546499508289      4.39216328195196    -10.11135869849086       h
   -5.21750470057434      1.86713271292890     -6.96109431209514       c
   -6.49783690488438      0.97193977708124    -10.67601869472595       h
   -3.40145899820923      0.09293438136375     -6.52133731848147       c
  -10.58142638526412      5.98817434665610     -1.90443676900459      cl
   -5.56081318944179      0.96107358194483     -0.91264363594227      cl
   -4.59861789241565      6.80227414014777     -3.13829008357246       p
  -10.62288741802898      0.38118312859620     -4.60482293446301       p
   -4.49473437591000      7.36609942081331      0.25793765709066       c
   -3.87800867551507      5.65034649356524      1.19704494783534       h
   -6.38903143092981      7.80705543255576      0.90746607096460       h
   -3.21852591133060      8.91479630741151      0.70533262674545       h
   -1.26759386451780      6.36965508638232     -3.95568062124614       c
   -1.04842942662492      6.41947230161822     -5.99801953464713       h
   -0.65378326261797      4.53652229016770     -3.26467718737699       h
   -0.09378661792483      7.83972670825205     -3.12700770096324       h
   -5.35610602720331      9.90453169108811     -4.45805946035381       c
   -7.28125148253173     10.37173490910668     -3.91860181311950       h
   -5.25134359365135      9.82103103225522     -6.50892674512549       h
   -4.07958486655836     11.36100088264799     -3.76872414856749       h
  -12.00211744296032     -0.46739894162769     -1.56699850240714       c
  -12.78629130398267      1.21946188388094     -0.70410074717232       h
  -10.51707416183975     -1.18301738882299     -0.34670317525778       h
  -13.46998771671526     -1.88819130618526     -1.79969077890129       h
  -13.35169319666062      1.27072068243439     -6.52945688737711       c
  -12.73403917961976      1.64077586347943     -8.45451300335159       h
  -14.14513365164033      2.99718800737338     -5.75084088937165       h
  -14.79073567061312     -0.19729617831478     -6.54500497957446       h
   -9.63461852743300     -2.65094262433705     -5.92402338514824       c
   -7.97118497946582     -3.29484861409369     -4.90655278758284       h
   -9.13389575720881     -2.40675010080088     -7.89927728826279       h
  -11.12413851170226     -4.05948872984388     -5.76982823098354       h
   -8.51697168266188      6.08069706457612    -12.57639886430259       p
  -11.39559281184038      7.88538879870068    -12.21663573326502       c
   -9.05345754378705      3.65612697118234    -14.93911699254782       c
  -11.09773955390183      9.43696045485544    -10.90675679467785       h
  -12.89320057441511      6.68438532223153    -11.49263547737388       h
  -11.95840738065299      8.65604084732435    -14.03546909013977       h
   -7.33122463386886      2.56836248875246    -15.19740386876268       h
   -9.59153366385503      4.49991900860620    -16.73311501501209       h
  -10.54372794946203      2.39482873586423    -14.30478531974164       h
   -6.18867738818031      8.20308988028031    -13.94153036022475       c
   -5.83213396321387      9.74838857640793    -12.63701462740826       h
   -6.85224772855991      8.96634046507003    -15.73135635951536       h
   -4.44607179596862      7.16273184152942    -14.23962739455625       h
   -1.63052850283053     -1.69819559133253     -8.68711836693498       p
   -3.09895737272920     -0.49121310729710     -4.59064569455469       h
   -3.37934568732001     -2.67550295294480    -11.46852251147505       c
   -5.36658994342767     -4.37699333305879    -11.13543722666851       c
   -5.75304178701467     -5.14533436075951     -9.28361302862450       h
   -6.83279576892571     -5.09688130290364    -13.18026969752002       c
   -8.36395020209818     -6.42285830619420    -12.91247994814117       h
   -6.31813715457399     -4.13816219130192    -15.56946724523951       c
   -7.45140020251483     -4.71767453452765    -17.16849199620173       h
   -4.33197269659544     -2.45853484034039    -15.90610463542116       c
   -3.91127300873359     -1.72948410487601    -17.76852106491101       h
   -2.86315598055016     -1.72025872025344    -13.86426446057835       c
   -1.34854107853092     -0.38199693634625    -14.12579089092453       h
   -0.69599603305030     -4.57789049384679     -7.07279628913107       c
   -0.37250599849800     -6.81617362018422     -8.42565079648984       c
   -0.81466438969006     -6.89447236720494    -10.41766270463632       h
    0.49390776894789     -8.96972616362856     -7.21307913078217       c
    0.72602722045138    -10.70106054103437     -8.27244285796687       h
    1.05392169425832     -8.90551901444823     -4.65293363361522       c
    1.72598544379296    -10.58883845728427     -3.70974364991897       h
    0.75816441418041     -6.67494602731386     -3.30638868476679       c
    1.19501749130868     -6.61269812861199     -1.31212704314530       h
   -0.10328785831640     -4.51237004686935     -4.50467930798682       c
   -0.30656537405760     -2.79527607204745     -3.41966096593079       h
    1.32836269342764     -0.27707666381129     -9.68202065930039       c
    2.12640995887954      1.95177586703145     -8.54465989057448       c
    0.93590694234818      2.84313069687301     -7.14787992268566       h
    4.45428273884444      2.98190828419956     -9.16584985977816       c
    5.07386494526187      4.70914462522487     -8.26671362297455       h
    5.99056663978039      1.78593512339749    -10.92198735042438       c
    7.80782681783315      2.58542890958370    -11.40523155533153       h
    5.20890761166393     -0.45853307228086    -12.03678109888818       c
    6.41628630578997     -1.40674537711928    -13.38471173267287       h
    2.89178892396219     -1.50360877940972    -11.41006969549414       c
    2.31591207818518     -3.26991827580130    -12.26132233626846       h
$end
