$coord
    2.95247670457381      4.36447880232256     -4.03539043830499       n
    5.80743964613100      4.41524664047367     -4.22054206200727       c
    2.01647030149804      5.54049033814911     -1.60063386671880       c
    1.90136723464188      1.73135794955997     -4.42212618815139       c
    3.14200085594539      0.78305723793948     -5.75128351533988       h
   -0.77860209447986      1.75925024462645     -5.39071156019410       c
    2.07456234379232      0.78109514731550     -2.60924086718922       h
   -0.91111620282824      2.67442055369862     -7.22967800684811       h
   -2.09453461676466      2.67096760141291     -4.10335671014737       h
   -1.41430242462984     -0.17903437102514     -5.63221780798972       h
    2.03925144982091      8.38907533350731     -1.68359415819235       c
    3.21361364633117      4.78650269694502     -0.11124333721993       h
    0.11373488357300      4.83955248322432     -1.29430944690887       h
    3.91623488447156      9.17445568959478     -1.96619437981279       h
    1.34677511120279      9.10737600907953      0.11188547395104       h
    0.79057474936842      9.11673864681637     -3.14927157237936       h
    6.72621386470623      4.37331846121901     -6.91765736937450       c
    6.47414718628198      2.80274209394227     -3.13650052930790       h
    6.43587741537714      6.11816793815695     -3.26687644176511       h
    6.15768995704385      2.68405266704901     -7.93912160197922       h
    8.77984874606385      4.41649830848394     -6.91683612601245       h
    6.08551191779885      6.02573584113395     -7.96453346152495       h
    2.27867270371496      5.45276209666653     -5.47732812152843       h
$end
