$coord
   -1.63796884978874     -2.33802300316165      2.67513630545107      sc
   -0.46225800270305      1.29409476356337      3.01641353924626       n
    2.59979386060274      1.13413719584920      1.99666256754408      si
   -2.17600701438671      3.70446330602592      4.39257723568257      si
   -5.10354122408265     -3.71846695992630      1.80751817583771       n
   -7.11683512452654     -2.66183253137472     -0.53465250057354      si
   -5.29380465948444     -6.43129200307264      3.56668743722115      si
   -5.24113167535275      2.35287546423026      5.59847074851421       c
   -2.81807355868161      6.32879661209237      2.07915677875138       c
   -0.48437452307424      5.10850856157233      7.19259590849774       c
    3.14113580358897      2.55321493746719     -1.20668422591747       c
    3.27296212870520     -2.43622126949154      1.72348240909933       c
    5.02199911991905      2.40050922857250      4.25987629266108       c
   -6.17544365033032      0.62610128908224     -1.51056161644412       c
  -10.48853064044727     -2.61852734565665      0.60360921664593       c
   -6.92577684876466     -4.72481042143756     -3.42862888117054       c
   -1.89684208977521     -7.02632680846632      4.71388946761784       c
   -6.24315649135654     -9.32538077280059      1.74318019423445       c
   -7.34547638773401     -6.13767039304653      6.44240930948562       c
   -6.64312233043850      2.02733970698173     -0.08094781168924       h
   -7.14077387425842      1.17207611028439     -3.24736574827530       h
   -4.14770172915678      0.76019849477340     -1.86218371388084       h
  -10.67965851306145     -1.46990000277876      2.30208635689376       h
  -11.15083073304684     -4.51575285834625      1.06245166559661       h
  -11.76579065965181     -1.85228202348156     -0.82039888723942       h
   -4.98844335722450     -4.80987390261571     -4.12522524904559       h
   -8.10585883676408     -3.98864397287343     -4.95021498058519       h
   -7.53423647464046     -6.65322771521988     -3.04916142687654       h
   -5.03848148316873     -9.60736850466416      0.09918683659184       h
   -8.18403884243820     -9.17494634780616      1.07179898325156       h
   -6.12980841906512    -11.01688517831832      2.91443631963696       h
   -0.55790604182351     -7.41737743188758      3.18522792970637       h
   -1.88526858898094     -8.70769109863196      5.90217963802102       h
   -1.12642416127147     -5.53884637659718      5.95425071386790       h
   -6.71959360458775     -4.56899024075103      7.61994973173688       h
   -7.33356350980598     -7.84904467618434      7.59089633787359       h
   -9.29678536140333     -5.75752523013200      5.90576197873622       h
    2.10373503611137     -3.44380837514690      0.32070179403147       h
    3.22909269412731     -3.44727230009271      3.53146999457636       h
    5.19168643767278     -2.67792508399102      1.01839117308034       h
    4.92395384196802      4.45262769174057      4.38490282440384       h
    6.93130693510575      1.91512379957224      3.65438238053676       h
    4.74327301883431      1.65242016073990      6.15627191932395       h
    0.06608078432152      3.64528760165400      8.53319894305671       h
   -1.70230722884949      6.44127555776797      8.18755525448434       h
    1.21908978753708      6.12636038423098      6.64707957533466       h
   -3.73825379874617      5.62811381210482      0.37807567038476       h
   -1.06187686461563      7.23820039068966      1.49821452633667       h
   -4.02260155957907      7.78784286468138      2.89646416888130       h
   -6.32807264943306      1.38682241269476      4.14573217296327       h
   -6.43846208067880      3.83167227661121      6.39157664141272       h
   -4.88395942329246      0.97949516302784      7.09470963798350       h
    1.88415019637692      1.70519571308064     -2.59945820731826       h
    5.08129361536273      2.30480747504557     -1.85673901806586       h
    2.74818811018420      4.57497063884648     -1.17927538584808       h
$end
