$coord
    0.33277746343856     -0.82211094447886     -3.00546608906806      rh
   -2.67850273464161     -4.17271564049325     -2.92213372910084      cl
    3.09279987559351      2.70954977350628     -2.82505582392957      cl
   -1.98987110316551      0.93737693519784     -5.54173715283198       n
    2.49017405878527     -2.57124073710550     -0.31057646993982       n
   -2.33581919685837      0.30772703139548     -7.85077282157599       c
    4.30625632970683     -4.13053003607292     -0.65790179995233       c
   -3.90125485067337      2.88363558269640     -4.84171527677040       c
   -5.78552598670266      2.58811123336809     -7.02670945648306       c
   -2.63870713049991      5.46573758358165     -4.86185888576260       c
   -5.05866681580617      2.29531257764381     -2.29139464425635       c
   -1.90868926938417      5.91008301330820     -6.73388972899439       h
   -1.05945960455387      5.49549451175202     -3.55307474173802       h
   -3.99842536244055      6.91818975587684     -4.32847647645699       h
   -5.78871101214100      0.37776656320604     -2.23027236271638       h
   -6.57781744319007      3.62250794639621     -1.87735170512369       h
   -3.63755837234617      2.48600209422598     -0.81515776917202       h
    2.08153887045718     -2.27015815725183      2.46452134470628       c
    4.52453034617418     -3.44225945962496      3.50291743923540       c
   -0.23049289876950     -3.79753877299157      3.23186884057024       c
    1.80002322147198      0.48086316255074      3.19556314449474       c
    3.36092376169946      1.60864059357139      2.48943680169368       h
    1.69574149043638      0.64964983946638      5.24585536378384       h
    0.07222654516658      1.26124111448195      2.40258173180485       h
   -0.00161849780971     -5.78461193638342      2.75636159108485       h
   -1.90263303865430     -3.12524254397145      2.25328762417986       h
   -0.52790914250956     -3.63024426495231      5.26312771634166       h
    5.52127681940951     -4.94277729678239      1.42843932320275       o
    4.22232979318241     -4.68914312224512      5.10340487613463       h
    5.93884966236658     -2.02208256428962      3.97580538134440       h
   -4.34386716543319      1.34984308034734     -9.01890862674368       o
   -6.48136847462709      4.37107760569676     -7.76352933940870       h
   -7.36246768421110      1.35458371885472     -6.54518578528161       h
   -0.76069470428560     -1.48188085639745     -9.34225728371822       c
    5.16083618227652     -5.22159333078618     -3.11072950862935       c
    4.80248546928861     -3.42492547720629     -5.27350952670477       c
    4.05143471995749     -6.93397465217513     -3.42223476566928       h
    7.11624165143166     -5.81192613310926     -2.89951604562171       h
    2.45241589327841     -3.38133617052290     -6.48302159087452       c
    1.89335279058667     -1.60028810551572     -8.35436860893987       c
    3.72546553077529      0.15579634936821     -9.05248787631600       c
    6.07071661694021      0.03958284788493     -7.87028671249640       c
    3.16910825863801      2.21959020530036    -10.90440145584636       c
    6.64162569773655     -1.67129750392758     -5.95756583913542       c
    7.48162966593918      1.43172092876654     -8.37670874391335       h
    9.10260279099247     -1.48513152756770     -4.57931282810730       c
   10.31032522979759     -0.05083633900014     -5.41621377929717       h
   10.14696819075838     -3.26144214627122     -4.58100527826653       h
    8.78922226874091     -0.95354699035497     -2.61296579655638       h
    1.68801285685995      3.46313827846380    -10.19232460620067       h
    2.53239893630631      1.49148341834236    -12.72400124858830       h
    4.83129361945044      3.37672387613906    -11.24258423002679       h
   -0.84942626980025     -0.92074368317828    -11.31812845850497       h
   -1.66093645122680     -3.33286197799122     -9.20539360165701       h
    1.10685548984873     -4.86963086778293     -6.09909652846636       h
$end
