$coord
   -0.56273392406928      0.06022663617821      2.47857018333126      si
    2.78705167053397      0.14241733065144      2.58908966852463       c
   -1.97812028672300      3.38635702974927      2.25156075464584       c
   -1.96516860261828     -1.46207406043460      5.45049323195229       c
   -2.41920489414599     -1.69093322005652     -0.16999148145197       c
   -1.48552776144123      4.49213925303194      3.91983554615354       h
   -4.03625118316041      3.37065618389780      2.06019494582317       h
   -1.20837790325053      4.37867409153314      0.61142094782541       h
   -1.46892371841482     -0.36409829896431      7.12278093045069       h
   -1.19301331052442     -3.35982142723079      5.71358649860767       h
   -4.02343474280185     -1.63371113740194      5.36680777677266       h
   -1.91606747880447     -0.91981616702345     -2.01983864547484       h
   -4.48195927741976     -1.57325304225178      0.02414818693594       h
   -1.90236181403903     -3.69136432253807     -0.19716619389821       h
    3.80536914733942      1.27595040956584      1.19971549663531       h
    3.81320704789725     -1.57711076008246      3.08157724073819       h
$end
