$coord
   -2.33379016414899     -1.90035492684900     -9.05170852800594       c
   -0.51131101798599      0.04165464613720     -9.13334432341405       c
    1.91182014863861     -1.07718788120638     -8.89926294696943       c
   -1.08272659473792      2.74836626305501     -9.64649234017819       c
    1.59296989042313     -3.72086490008251     -8.66462428147412       c
   -1.05466278049082     -4.26797756283658     -8.78175487299857       c
   -2.76918524397332     -7.34219814210417     -8.41652123454983      si
    4.37926509525872      0.24400921457225     -9.16501155982815       c
    3.71004652763488     -5.57652354759890     -8.49912157721553       c
   -1.44162654012693      1.08969873919392     -2.20994606753088       c
    1.02658162163142      1.76508174660240     -3.00270866445320       c
    2.70811239370149     -0.18729442192309     -2.27016646666580       c
    1.80753082304017      4.26620774171524     -4.02447838138144       c
    1.29485847782687     -2.03950695600766     -0.97559527769425       c
   -1.29687495981948     -1.27869618886284     -0.91059628101305       c
    5.51194087753261     -0.15632602175267     -2.50539476145446       c
    2.43077591145460     -4.34737373061727      0.17669843963143       c
   -0.39417579209887     -2.11593009988023     -5.08890988281423      ti
   -5.09910804075497     -1.47718542563258     -9.37236182957915       c
   -3.72492228837705      2.73312784241538     -2.46207493415294       c
   -3.89057473813271     -3.69988764165668     -0.80989840692343      si
    6.15536847282894      1.19504107008185     -3.90868095373839       h
    6.26652676320657     -1.99974037302588     -3.02397342169058       h
    6.39087573312905      0.36772707726696     -0.71208202563233       h
   -3.25664142855945      4.52838991586482     -3.34337785511518       h
   -4.53376441738443      3.15549151446748     -0.61467188677397       h
   -5.21703951221999      1.87543230468820     -3.58265192210953       h
    0.33592488691698      5.16258198243517     -5.13552630328945       h
    3.48576344914080      4.14266498563717     -5.19969425038285       h
    2.25937222282177      5.55067990033161     -2.47221295556959       h
    5.45601669847385     -4.66896775207484     -7.90708506089025       h
    4.07517001811371     -6.46319374346311    -10.32821505368165       h
    3.31991595726748     -7.08695150029900     -7.16799135919519       h
    4.24617019498793      2.24175117221904     -8.71764870648027       h
    5.06008011360514      0.10465530811441    -11.10864567223549       h
    5.83216018321068     -0.56638255824861     -7.96213540573667       h
    0.55897678760009      3.94975403254281     -9.39076237729937       h
   -2.58239760214271      3.47161703472797     -8.43680630931254       h
   -1.71695762225960      2.99200789879241    -11.59489810409029       h
   -5.67219395984595      0.35392289814677     -8.63256667403432       h
   -6.22315698631738     -2.90384887725790     -8.42052812248860       h
   -5.62687304677178     -1.51496896182669    -11.36914480467565       h
    3.99056693960152     -5.07484907470790     -0.95188127705583       h
    1.06998601393541     -5.86462303667658      0.40013546918699       h
    3.18415390745931     -3.92826979154977      2.05280285847539       h
   -0.60451377847187    -10.13324463576622     -7.98593458207550       c
   -4.79412359334302     -8.02091633497883    -11.26780893757539       c
   -4.53361096039541     -6.83991544990766     -5.37990294212660       c
   -7.15649088735987     -2.38138787001341     -1.32128438228769       c
   -4.07042177771447     -5.46830068764296      2.28890667927676       c
   -2.78201305678117     -5.28612521478734     -3.70781435122440       c
   -5.11156841282237     -8.63072265922452     -4.51041517195105       h
   -6.28842410392490     -5.81160111702881     -5.72052097458331       h
   -7.64774620348857     -0.93036002078215      0.05270642652499       h
   -8.52721854799742     -3.90662308945321     -1.11510096926047       h
   -7.40341136228493     -1.59044658624866     -3.20181209012577       h
   -4.64422625756177     -4.20271510208608      3.81357779875104       h
   -2.28862599290595     -6.32951427377352      2.84446679410424       h
   -5.47575054288122     -6.97214960012339      2.17331417978689       h
   -3.63976658279233     -8.25874242769810    -12.95786715223899       h
   -6.14093888550577     -6.51373526458716    -11.64635172679388       h
   -5.86670209888701     -9.76077732162227    -11.00313494073107       h
    0.75444341608456    -10.35165199895542     -9.51417632994968       h
   -1.74925087463917    -11.84654311584946     -7.93078825568919       h
    0.43555167233757    -10.04423612090669     -6.21299838581408       h
   -1.04139704530535     -6.34867611157050     -3.25638537691584       h
$end
