$coord
   -1.02514812312061     -1.06862019857555     -0.48274798878592       c
    1.05295006786341      0.61875045891772     -0.46211677990234       c
    3.08276701362200     -0.61507122797611     -1.70952034228523       c
    1.15881980886863      3.16487588280917      0.72738874857006       c
    2.24679542404071     -3.00196880693660     -2.56091739316550       c
   -0.29142825338027     -3.29397565015889     -1.79011006306212       c
   -1.47441415003340     -4.91105179836287     -2.14562450298663       h
   -2.85519154174929     -0.71162255364682      0.33539871955314       h
    4.87785327713095      0.23964856228785     -2.12445250112611       h
    3.34482369271400     -4.35101674950311     -3.61791485099937       h
   -0.35528232058727      0.07815176430586     -4.84364763041243      mo
    0.69096898423648     -0.42436722884883     -8.36007178404344       c
    1.28274453010614     -0.86456886801715    -10.43727661118220       o
   -2.22076937983882      3.21502193288292     -5.42785682304207       c
   -3.45441100536971     -1.49951065563235     -5.94142073193002       c
   -3.44264510474839      5.03365366517438     -5.66749052157779       o
   -5.34541776513372     -2.46058978847837     -6.59859262509469       o
    3.49328999573043      3.92699624678178     -5.62487068261976      cl
    2.19678929831988      4.46185705458198     -0.48614608344697       h
    2.10246684786676      3.09584382328491      2.56419495331200       h
   -0.73071852031160      3.92554577310763      1.01639869528218       h
$end
