$coord
    9.82500618939459     -0.86604439064542    -10.81362972285443       c
   11.79939144334308     -2.51558250728984    -11.26799280571021       c
   13.16436837290561     -3.46335047582233     -9.24286747762755       c
   12.52892401737258     -2.72812136220595     -6.81038420653660       c
   10.53697570192969     -1.07432142359268     -6.45809068115939       c
    9.20334248439560     -0.20153980743653     -8.43911510354925       n
   12.26231783292723     -3.04727316180140    -13.18340051920342       h
   14.71708737618269     -4.75025556105311     -9.55822029981169       h
   13.56895260973261     -3.42770195523282     -5.19953908247863       h
   11.07951413469933      4.91895792053252    -10.71433551308743       c
   13.63070535032970      5.27141881116007    -11.17257837851762       c
   15.27470996816288      5.37895581247663     -9.13113156556511       c
   14.34338052940082      5.05960422156639     -6.69937994637731       c
   11.77101093440769      4.71338703779100     -6.37443126711747       c
   10.20437191754876      4.74929089356917     -8.35324205896061       n
   14.32436578597383      5.44191997790995    -13.08562344686667       h
   17.27412195710948      5.65500878180941     -9.43669282802214       h
   15.59857340385055      5.06350120222121     -5.08871018307595       h
    9.09905511214759      4.73710560992632    -12.70992805891703       c
    7.15731431454003      2.73196743123610    -12.22589101530545       n
    9.94168401781060      4.44348548566098    -14.56691613683180       h
    8.08837346804587      6.52675793907285    -12.78702045535445       h
    5.07739537951970      3.19710400983853    -14.04220417351363       c
    5.77239940104555      2.98080149830836    -15.97107895656472       h
    4.37057064172273      5.09940447755768    -13.82328135403440       h
    3.56841568022968      1.85815065219429    -13.72949407813326       h
    8.15067616291931      0.16187976035310    -12.81241749043168       c
    6.51694183826754     -1.08216644257117    -12.97422568387616       h
    9.08475620414433      0.16176595403372    -14.65005791284162       h
    9.59886396220623     -0.26870538018293     -3.94260111374286       c
    8.49112514838817      2.32131662904269     -3.93657977798564       n
   11.07195551816770     -0.41496578014564     -2.50802572308444       h
    8.09360970008996     -1.55915124108057     -3.38449211334982       h
    7.08433611205260      2.56150247361763     -1.52762595404525       c
    8.33668381594762      2.15610893198931      0.05881907073832       h
    5.52916375749094      1.23915772460470     -1.49862243001096       h
    6.37688466261702      4.46476217220346     -1.31720025029298       h
   10.50240354884304      4.31572472855757     -3.89055812702748       c
    9.57740394433815      6.06951374800868     -3.34470692659328       h
   11.87381797026201      3.87610010043938     -2.41729381803044       h
    6.71813899123293      2.67154166453214     -7.89555753068653      rh
    1.50619654551614      1.62938974893671     -4.27489084422635       c
   -0.94753019956532      0.97649950593644     -5.49775188817047       c
   -1.35526314321902      1.11970956855553     -7.97096691858307       c
   -2.46554065689180      0.36215767558441     -4.27185650846753       h
   -3.19735148169211      0.61857605661062     -8.70580647981233       h
    1.17759692622630      4.81161666692447     -9.80166977334331       c
    3.59218820896164      5.65856759775037     -8.55667236784658       c
    4.00110405618520      5.52392830268114     -5.99659523949495       c
    4.69518790649171      7.04635885570999     -9.58176069236788       h
    5.38643519227454      6.81980867980288     -5.22588712821138       h
    2.08149269414037      4.49630867278373     -4.16637429874400       c
    0.58902790819132      1.94554718996363     -9.83794326879846       c
   -0.04598454250641      1.42666756515762    -11.72201636781271       h
    2.35907256815885      0.89788335585719     -9.51695446644047       h
    0.32533142410845      5.52350128674513     -4.51815099985480       h
    2.62112145282600      5.02205890989475     -2.26099908326791       h
    3.06324926209706      0.67302590568801     -5.27526588193194       h
    1.51404184866432      0.87631550396434     -2.36306124788476       h
   -0.36013704719939      5.77782141278361     -8.81944007231085       h
    1.12123188227187      5.54993239013189    -11.71210471216640       h
$end
