$coord
   -0.87863832581925     -2.04266983715067     -1.26292172273536       c
    1.21253316254425     -0.54203236738097     -1.96217699423182       c
    2.07925181703718      0.73580862028389      0.18353053469791       c
    1.87341887595556     -0.25006527824982     -3.85937112073945       h
    0.54214737492090      0.04335963516380      2.25495224416704       c
   -1.25767062328543     -1.71346355782968      1.36132585719175       c
   -2.69537871493713     -2.61579297440796      2.47994811276024       h
   -2.01000561953943     -3.17666271742255     -2.51904332145024       h
    3.51526777750923      2.17054105204775      0.20883820487980       h
    0.68227997765122      0.78210013116268      4.14614738982281       h
   -6.64425281386488      2.26981193191561     -1.60246751554435       c
   -5.96276936769963      4.66730395384996     -0.64205785356579       c
   -5.36476459086764      4.38403790195949      1.94277596276745       c
   -5.74446187756824      6.36619014751476     -1.73365812868328       h
   -5.61995138516695      1.82226086656209      2.56253881952964       c
   -6.41576335558076      0.51268840642773      0.36672533283709       c
   -6.70067454349707     -1.49709509046052      0.20523259911200       h
   -7.06637828452628      1.85005143000055     -3.54442118011937       h
   -4.64377694982015      5.84579164814285      3.15446638198423       h
   -5.18733987796018      0.98551173158306      4.36812144115003       h
   -2.23518337331721      2.19622185077000     -0.54392681824304      ti
    0.01854858260760      6.21644032106733      0.40853349424340      cl
   -1.99518852961511      3.16780540166929     -5.14225472824472      cl
$end
