$coord
   -0.33651701119874     -2.04154568006113      0.03821856204474       c
    1.45002400242776     -0.67532145622901     -1.42252089688295       c
    2.15248509810474      1.49260493621432     -0.08090584496289       c
    2.05968205312126     -1.15702192461958     -3.29710335030006       h
    0.81032747779700      1.53817289757808      2.23010374398196       c
   -0.68357211039080     -0.69161832641421      2.32660960489959       c
   -1.84634132314189     -1.28297294865507      3.88277272000623       h
   -1.20909712916478     -3.80208540014974     -0.48201529628404       h
    3.38761728179264      2.95327361898540     -0.75777215218325       h
    0.94857818947387      2.97252262229558      3.66486041068062       h
   -6.46190473862558      3.87255141154913     -1.35448180679824       c
   -5.49404161584948      4.54334065765361      1.06048897885765       c
   -5.41170343514998      2.32897777192506      2.52957127548903       c
   -4.88915155077244      6.39573103124052      1.63102962469622       h
   -6.33938893214101      0.29376546773042      1.04370169640578       c
   -7.02196641581156      1.26256813895587     -1.32871473538195       c
   -7.71514941573163      0.18303177126650     -2.90126069652939       h
   -6.66698604399679      5.11903492377604     -2.94379697802087       h
   -4.74996292491059      2.20790540367811      4.44773097771705       h
   -6.47238327033114     -1.65252451802344      1.62067702474618       h
   -2.44577207936783      1.82730728275098     -0.90651202948842      ta
   -0.75190588830435      6.13566968449561     -2.57981220889481      br
   -2.81160198540041      0.35481363580508     -5.59003163221314      br
$end
