$coord
   -0.00186116515561      0.55241412190947      0.52910897917383      si
    3.52531940584915      0.05936964516883      0.18597100042483       c
    4.99760545908994     -1.62583256539985      1.57994582328446       c
    4.12828932083541     -2.77198858526042      3.03660436650628       h
    7.56085159380367     -1.90505673432337      1.10739084055156       c
    8.67079489177259     -3.22603978946190      2.20671989942259       h
    8.70139193777272     -0.49089054164728     -0.78573997100683       c
   10.69981640873807     -0.70324993075647     -1.16588646594418       h
    7.27111427942819      1.18775211398582     -2.20210138679737       c
    8.18294090907977      2.27558474070581     -3.67538151707446       h
    4.69702033356327      1.46418060150297     -1.73021923494120       c
    2.71482507030256      3.72535512331102     -3.50028448835134       p
   -1.04228094414802      1.61502999632339      3.78049948658714       c
    0.02854947228363      1.00640546176700      6.10634605538409       c
    1.73055519366802     -0.12891160852523      6.17776582792813       h
   -1.02318398007726      1.87242093763810      8.35000840283734       c
   -0.14580750016404      1.41232864356988     10.14018472050129       h
   -3.20266006428582      3.32931513050021      8.29522076775954       c
   -4.03304340653692      4.00381646128946     10.03855641548079       h
   -4.31297750729745      3.93688150101142      5.99633630803349       c
   -6.01093354833249      5.07847776986411      5.98305890096403       h
   -3.22612734369581      3.12012176383976      3.74700065057184       c
   -4.55227726758484      3.91957569411975      0.60956243839625       p
   -1.62131178588116     -2.62605927930982      0.03555944487214       c
   -1.66243388520695     -4.62458111239906      1.75154865837260       c
   -0.68887769358028     -4.44228287158691      3.54425147170071       h
   -2.98724070088186     -6.82814273407050      1.23719684073191       c
   -3.01758925494913     -8.35201894919533      2.60219949348762       h
   -4.28725967078366     -7.07418710445812     -1.03013636002823       c
   -5.32894357744394     -8.78701921693481     -1.43697473380788       h
   -4.26485656407707     -5.11177433466969     -2.76811288833790       c
   -5.28815087298518     -5.32466257204598     -4.52739370417208       h
   -2.95524017681861     -2.89245457159739     -2.23556143426965       c
   -2.80436308250807     -0.18782274675601     -4.43258154790239       p
   -1.52777609365510      3.42228242126476     -2.51810770406062      os
   -7.52146041277526      2.09079485202972      0.64187143246840       c
   -5.75708888092232      7.15852413155631      0.99294590629249       c
   -5.90758977779979     -0.16083157036690     -6.00583151089542       c
   -0.81671504542714     -1.52242729594342     -6.96476489377105       c
    4.04898128467442      6.79355347164089     -2.51737510333381       c
    3.93076605535044      3.54199780296521     -6.76440454564361       c
   -7.17213810382379      7.32160303217699      2.47674925220740       h
   -6.59022975328878      7.74983318010334     -0.78985486681744       h
   -4.18029180544244      8.40462990514867      1.41131694601609       h
   -8.60860275245735      2.43669560042953      2.35372542391868       h
   -8.65415747652465      2.61111865106123     -0.99238664652290       h
   -7.06850579514135      0.09084966359229      0.53035184543874       h
    1.04459329268480     -1.91078734850550     -6.18952251756552       h
   -0.63519869172883     -0.14989523758722     -8.48291249105132       h
   -1.60284360427464     -3.27118472744112     -7.71396061485039       h
   -7.37694176938394      0.14254189459811     -4.60844902979573       h
   -6.30082107763269     -1.89901270485057     -7.03420569293275       h
   -5.93707444795326      1.41209217521928     -7.32758647310648       h
    6.08193389539390      6.88711341238539     -2.83060014178970       h
    3.65375484433860      7.06487643977419     -0.52157868224011       h
    3.12291100397318      8.29267692592928     -3.57557110594074       h
    5.91224042208324      4.07428732093713     -6.91027206124314       h
    2.81723400468858      4.82246966337024     -7.92376011670902       h
    3.69381498867481      1.63904403929833     -7.48980481956261       h
   -2.80306628156514      6.04451001704151     -4.92931255913417       n
   -3.52279109964096      7.53290276402048     -6.27444187631135       n
$end
