$coord
    2.78540293808331      0.95750079657509      0.22663863466097      si
    6.34110101369377      0.94467861836500      0.23343409008393       c
    1.61231734595248      2.95940461724006     -2.46772861734684       c
    1.59867065133059      2.29372029684957      3.30045860118477       c
    1.58921736423000     -2.36849191966293     -0.16070624735150       c
    2.27297333434449      4.90378939816592     -2.30463136089621       h
   -0.44624831117737      3.00933623040022     -2.52678311556147       h
    2.26512223019970      2.23558205968953     -4.28256425611047       h
    7.09954167356690      2.84624277265340      0.46217591631801       h
    7.09415411176382      0.18622707171624     -1.52757056564111       h
    7.08622555262557     -0.20675338069903      1.77055591319619       h
    2.24833998689276     -3.20366256716674     -1.92468809142890       h
   -0.46977617407691     -2.43089669985908     -0.17884937415545       h
    2.23030214486449     -3.58234151247782      1.37526156178528       h
    2.26133909843634      4.22297699694420      3.58754254748619       h
    2.24172242851600      1.17399091641856      4.90552006237784       h
   -0.46012349263158      2.33211069271524      3.35843405036481       h
$end
