$coord
   11.76564655289500      5.16299509839740     -2.43183079816841      ir
   13.27630290954824      4.60690566040786      1.64082710135908      cl
   10.40539204854907      7.62573555076351     -5.70057382654364       p
   12.98441045868602      9.27076042856349     -7.50168771182867       c
    8.32996401856992      6.16542264473309     -8.13702062822123       c
    8.65552420209876     10.26981129374637     -4.14218006167373       c
   15.41091891017222      7.73306431375894     -7.68617786258590       c
   13.37481698560649     10.90748638676397     -6.30465576333785       h
   12.20358580780848     10.21870943168526    -10.10866129323928       c
   11.95824491765075      8.66713710572208    -11.43406333949091       h
   13.69170914489226     11.42655560949241    -10.86077957713593       h
   10.47258982961415     11.31986014653111    -10.09744867487805       h
   16.18898217454283      7.30261614049214     -5.84063054930774       h
   16.82147876135897      8.81040102429554     -8.73149346297698       h
   15.12437838643370      5.95887138211099     -8.68363728301736       h
   10.20302225357889     11.36600788634632     -3.32581819257633       h
    7.06705306040203      9.29314891624158     -1.94503738189158       c
    7.16655240021476     11.99043343985349     -5.89802735510700       c
    8.36928472883133     12.94008032947691     -7.26371622161593       h
    6.23572962938294     13.45631133437232     -4.79018948491551       h
    5.69954463387911     10.98554113937086     -6.92744758438808       h
    8.21676101412282      8.28080948633531     -0.56613274964046       h
    5.56323249264425      8.03634615728618     -2.54905969643087       h
    6.20571688712638     10.88126286253815     -0.95619998257903       h
    9.68020038935723      3.95739760193499     -9.39605132692028       c
    8.06740809137876      7.66474269630491     -9.52933351019399       h
    5.74769511071601      5.38856469407601     -7.14697351917183       c
   11.48778519836428      4.49206222712779    -10.21139969270189       h
    8.50780427747530      3.22089056037053    -10.92053906195303       h
   10.00417029583015      2.43863145978515     -8.05422768830192       h
    5.90658105943988      4.03674169208775     -5.61262941504272       h
    4.69531654381655      4.48538668022704     -8.67045227820578       h
    4.63690241028725      6.98951154699703     -6.50378782855834       h
    9.16769208410533      1.55454812798133     -2.98375212323339      cl
   13.97913047423470      4.16469391935694     -4.01966755554464       h
   13.52023858556845      7.62897136965137     -2.32827409803984       h
$end
