$coord
   -0.38092061406907     -0.62610837419343      1.06665342470384       c
   -2.21101627319238      0.65012650135770      2.53632104800666       c
   -2.63224522700901      3.05337031846499      1.44830238524279       c
   -3.15812913978643     -0.09911804569841      4.17294451315782       h
   -1.08231509451438      3.25539880019905     -0.69766063138487       c
    0.31349330476191      0.97448503750268     -0.93414805386148       c
    1.62508132623723      0.52867177144049     -2.42103445936455       h
    0.30379941790688     -2.51605808355007      1.38799247215735       h
   -3.95870336333143      4.44879577892066      2.10944538612358       h
   -1.01031950394765      4.83455925945977     -1.97468775807246       h
   -6.18091102855878     -3.13066884411504      0.32368138902240       c
   -5.90847113572987     -3.69043640168377     -2.26788577511862       c
   -7.13966201455591     -1.76494837894245     -3.64017436308953       c
   -4.89728851806981     -5.26790508263210     -3.06180778079075       h
   -8.17907977733911     -0.01811665722848     -1.91532727825522       c
   -7.58275855316934     -0.86265813112242      0.54133433502333       c
   -8.06230641905911      0.08044329642098      2.27965708724444       h
   -5.40988247701261     -4.20867370274302      1.86767737754478       h
   -7.24172841249433     -1.63407866488172     -5.66326929426201       h
   -9.19328742209428      1.67994581682099     -2.39382781163483       h
   -3.87429342914549      0.03476332519385     -1.38356887799329       v
   -3.05139481070938      0.94540633707059     -5.29903471128433       c
   -1.33311023645490      2.04285308233324     -5.55293604867054       h
   -4.60319652739047      2.03224105044539     -6.11618289165986       h
   -2.84611333301075     -0.78363721662584     -6.40632079751619       h
$end
