$coord
   -0.88081059758118      0.77979703290188      1.55310685204202       c
   -0.77249006014711      3.05578311461706      0.15648921839060       c
   -2.72763019546509      3.01411981098220     -1.63462310353486       c
    0.60618925116844      4.53055154246916      0.38881665639021       h
   -4.10468999619574      0.74469280601862     -1.29035866118977       c
   -2.98928086089041     -0.60361946624442      0.69105899102154       c
   -3.52393711648592     -2.46477775914062      1.31222614150282       h
    0.36298597428945      0.23925629255518      3.06985237124396       h
   -3.13216192792380      4.45654698409140     -3.00790289236461       h
   -5.64765854442084      0.10675426806622     -2.45116957641838       h
    3.52943878714565      0.81277352275851     -5.34422654554299       c
    3.94755952154916      1.89305816858480     -2.94735560731729       c
    4.31351057945572     -0.08532958328562     -1.19714987329511       c
    3.96375916054066      3.88247928513338     -2.53222610431751       h
    4.13349018551020     -2.38582804607014     -2.51907720148039       c
    3.66093715402869     -1.83198194055911     -5.07699323543181       c
    3.35445650514593     -3.18034325592006     -6.56647914792375       h
    3.21454215869335      1.82460904876929     -7.07648213527678       h
    4.66327721338497      0.12666172712234      0.79461220517829       h
    4.25867460267010     -4.24448183370858     -1.69687990670649       h
    0.08231430238841     -0.41157492111040     -2.68360111629040      ti
   -1.34670546192311     -3.49206890373604     -3.44117601525379       o
   -0.86774439068848     -5.66756094477769     -4.85417730073852       c
   -1.00150834689212     -5.16806660011151     -7.61234279304230       c
    0.97822635428447     -6.47146648755030     -4.34804676935786       h
   -2.26631110371796     -7.11539878702749     -4.31950478729336       h
   -1.98247739862218     -3.45386494497391     -8.13997553412897       h
    1.54817170110582     -9.61957217861292     -7.06937403952893       h
    1.33640909978713     -8.98481897847508     -8.99963662154201       c
    0.02847184589963     -6.69968661694920     -9.51169586227750       c
   -0.20166746433566     -5.98004710684870    -12.08567041892423       c
   -1.19128465508715     -4.24574421259647    -12.53100728907354       h
    0.80818838732665     -7.43073307851577    -13.99332490726454       c
    0.60605184905137     -6.83041252355764    -15.93801684552843       h
    2.08750618748342     -9.66617374193754    -13.43757765337834       c
    2.87889284932869    -10.80317301582964    -14.93990733673113       h
    2.33506220940136    -10.42211200502952    -10.92878142192475       c
    3.32250697087842    -12.15776896819499    -10.48528830394657       h
   -0.91946502403247      1.02933406859733     -5.35193099914549       h
$end
