$coord
    0.01119548818027      0.62111217264874      0.38207907287070      si
    3.54446602089094      0.13097877052026      0.15797349753307       c
    4.99717237867792     -1.46586640649202      1.67303504348350       c
    4.09770546308947     -2.57488374839048      3.13983166497350       h
    7.58299641998425     -1.69740117012070      1.31693967627460       c
    8.67932956772200     -2.94521210357661      2.51180450056866       h
    8.76382779288707     -0.32508643139027     -0.58255968070847       c
   10.78219382748113     -0.49291470449194     -0.87039684960887       h
    7.34882755680587      1.25200078440848     -2.12445581085116       c
    8.29828078612835      2.29965553204057     -3.60315809342852       h
    4.74987306599508      1.48154813460178     -1.77147854913371       c
    2.76263351094308      3.57292289966218     -3.76985643389567       p
   -1.09247938649092      1.67721950736333      3.61219569678841       c
   -0.10663346673014      1.01544355488492      5.96251959875005       c
    1.60209390505017     -0.10620695340731      6.07116528903827       h
   -1.26160834584288      1.79691065468259      8.18466031101769       c
   -0.45391170240422      1.29289178286472      9.99602742278665       h
   -3.46219833838507      3.22007620836383      8.08047650959512       c
   -4.38200170958791      3.82059251986297      9.80623173588509       h
   -4.47587330504024      3.89013982105603      5.75553206444703       c
   -6.19191979290051      5.00357440799641      5.71071473791770       h
   -3.28065022693394      3.16558803405381      3.52779821535063       c
   -4.44665688812458      4.10200589506721      0.35004034600093       p
   -1.58604310767299     -2.58090431024270     -0.04073028879210       c
   -1.57564307332823     -4.54397368918226      1.71681892743075       c
   -0.58033630124994     -4.31084666063934      3.49147318268146       h
   -2.87453113674859     -6.77640368896281      1.26961500244630       c
   -2.86355661000519     -8.27203586286473      2.66622986097042       h
   -4.19665119258688     -7.08769009248396     -0.97632137465505       c
   -5.21757730284854     -8.82364615836869     -1.33696156138709       h
   -4.22362419400444     -5.16055789810005     -2.75298104944218       c
   -5.25886808153077     -5.43842342595579     -4.49553441900080       h
   -2.94371740698431     -2.90767742011007     -2.28783974198032       c
   -2.80758512068172     -0.24682217677284     -4.56344686030391       p
   -1.47841831105421      3.40598061675586     -2.77490799916761      os
   -7.55107308045168      2.50193365754745      0.29825337993008       c
   -5.42828768069588      7.40040633642239      0.94722664000496       c
   -5.90062638079825     -0.42031102894219     -6.17250507486336       c
   -0.82409379389621     -1.72398258504794     -7.03206314715006       c
    4.21403594254568      6.68940265324132     -3.13368825047632       c
    4.13239810522721      2.95391027558722     -6.93480071181474       c
   -6.76197802261645      7.56814230780470      2.50321803779070       h
   -6.30386079204062      8.17356514599644     -0.73975316129529       h
   -3.75090661276907      8.50377199142669      1.37644043637630       h
   -8.67159327881627      2.91488064686469      1.97357029697421       h
   -8.59346825387584      3.08567232239992     -1.37428449532851       h
   -7.22274142782065      0.47690233641693      0.19552067644516       h
    1.00768022469125     -2.15170812728335     -6.20999878282797       h
   -0.56103844720362     -0.41004454211744     -8.58954568290394       h
   -1.65322262085789     -3.46990969346299     -7.74141122091488       h
   -7.38147517891141      0.19897883285709     -4.89679360644992       h
   -6.34382706318769     -2.30919273318872     -6.85516082640357       h
   -5.85443584791128      0.84498895011113     -7.78990956606792       h
    6.26797506834863      6.62357606934753     -3.25152457758525       h
    3.65655591645331      7.29629849501425     -1.25390764437883       h
    3.50789638706021      8.05437746604084     -4.49732795896071       h
    6.13275834984651      3.42094200867237     -7.02977682644934       h
    3.13350491582603      4.07748232235931     -8.33018860724001       h
    3.89209963206059      0.97480454148892     -7.41108543653392       h
   -3.03158081240719      6.32843352611835     -5.71408574644970       p
   -2.33526287764492      9.70955894540211     -5.14992942808696       c
   -0.30162303120531      9.98889203275505     -5.12800262843431       h
   -3.05551059395736     10.25480258918218     -3.30727996522926       h
   -3.16759681939241     10.92491217418119     -6.59034732919449       h
   -6.48599081243850      6.55466421888841     -6.22354985182243       c
   -7.19262930226519      4.77454747829842     -6.95657402991714       h
   -6.96757943242652      8.05824187212503     -7.54541229096588       h
   -7.43506800608399      6.91192610769116     -4.43983292174265       h
   -2.02459423418005      6.10790333100812     -9.05257139253303       c
   -0.01064687802002      6.48415514905691     -9.18162247899086       h
   -3.02165640566994      7.44881285560118    -10.25579413776538       h
   -2.35803155626907      4.20302011940873     -9.74516478265930       h
$end
