$coord
    3.23438090553897     -3.62074560497849      0.52144948217603       c
    1.92031670077694     -3.31528795382083      3.13479292014884       c
    1.37102646406063     -2.42845464053516     -1.39830396685499       c
   -1.19876942166246     -2.54118793678374     -0.11270526492338       c
    1.42713217291449     -3.42395706846646     -3.18710324706131       h
    1.90936373855392     -0.47381537037243     -1.74673398762682       h
   -0.56066601499951     -1.90708228056654      2.66729043959850       c
    3.14150813663460     -2.30158823487319      4.44060697337494       h
    1.53756386161811     -5.16425430182467      3.94878740967375       h
   -0.24828224685895      0.90987182155949      3.13491889588889       c
   -2.04661615117680     -2.59181594829001      3.91904285647651       h
   -1.78057518799797     -4.53204881129622     -0.10682737660769       h
   -3.27139734482326     -1.02636571710434     -1.24282128162458       c
    5.67290184576604     -2.13204667058764      0.32336542373759       c
    3.58083486612197     -6.43818163036393     -0.07251363104045       c
    2.33430212594665     -7.54222495395499     -1.62594659671015       o
    6.30783207941174     -0.41374765947731      1.69254934681020       o
    7.00281701366356     -2.88108820546171     -1.71604632860725       o
    5.23162112289678     -7.81521855042716      1.32124014325314       o
    6.98429007092794     -6.72209691251333      3.06610209890308       c
    6.10620830097327     -5.36303725027118      4.32686711860893       h
    8.55072955010680     -5.84099214044187      2.06758013692630       h
    7.70003416435653     -8.29196627866749      4.17389850632276       h
    9.26772889864807     -1.47371358323821     -2.24079212786336       c
    8.81926487669281      0.49650359844490     -2.60892268795767       h
   10.08492115396434     -2.34843995383736     -3.90202247018346       h
   10.56917961822981     -1.57902616194595     -0.65459530347359       h
   -2.48001895515606      2.22611534918099      2.69952046885391       o
    1.29270548786159      1.66540750772832      1.97480556292170       h
    0.34247125058648      1.16334597440829      5.10628723155108       h
   -5.90100563592018     -1.69076832212945     -0.55448435139420       c
   -2.79873852339442      0.79685256210641     -3.31047291644566       c
   -2.02139481165275     -0.11856723359211     -5.00117170949571       h
   -1.44429018936010      2.25931819051982     -2.77128996495622       h
   -4.52209925531978      1.76926844683840     -3.85200827337676       h
   -7.10460874703013     -0.02394882485538     -0.51647427844802       h
   -6.00890353447110     -2.60494418859512      1.28788422256279       h
   -6.73748285495504     -3.01098484523683     -1.92412086618917       h
   -3.96980600114271      5.29305162376338      3.36617561836024      ti
   -6.83401071557756      5.34796731154177     -0.07986484032517      cl
   -7.99531818827532      5.81394161327365      5.57372078782253       c
   -7.45557541326362      3.19178900745002      5.50227673161240       c
   -5.30847843028719      2.76071395011927      6.98466816552459       c
   -8.46072304261890      1.80447103557042      4.40976118278380       h
   -4.44032474724501      5.10251771599300      7.88678152853010       c
   -6.16083946587054      6.98842579975797      7.05809176306665       c
   -6.03679651065543      8.97962471754869      7.44651725127093       h
   -9.49764632597632      6.73932484338057      4.56736342975615       h
   -4.37048162258335      0.97428232685285      7.23079507266952       h
   -2.79942552597641      5.39807829208597      9.05326869110196       h
   -2.13693949016596      8.48585318978429      0.56297071755414       c
   -2.89378305029152      9.67139910339051      2.82759418638578       c
   -1.35482712786228      8.73241521717641      4.78522282816107       c
   -4.39535780160371     11.03110114727887      3.01384436189854       h
    0.28557150557995      6.91446562006510      3.74963204599255       c
   -0.18131068540852      6.79870027418008      1.12728943234339       c
    0.71435187935634      5.53657831032842     -0.19128743265167       h
   -2.99885454596791      8.74586814961847     -1.25525290471439       h
   -1.42570185282709      9.29027012472701      6.73692020932723       h
    1.65208371377567      5.81060010362823      4.77655899875642       h
$end
