$coord
   -1.63051702096197      4.96905130477471     -1.45046015548256       c
    0.76446787949207      4.03549979554920     -0.77990671376768       c
    0.46041336217705      1.56205194390870      0.16113753173689       c
    2.51283750954844      5.06945726855967     -0.82413258602831       h
   -2.13840873389524      0.95867949086363      0.06565791191449       c
   -3.43815949684174      3.06549968305947     -0.92064779531183       c
   -5.44341275979918      3.18023771360533     -1.25419812793595       h
   -2.01260606100188      6.83285511483032     -2.16366054761856       h
    1.97899245861537      0.33484547891409      0.71548742027006       h
   -2.97151718622731     -0.80837455205754      0.62008238416841       h
   -1.67413249908369      4.29878065600860      2.79397616396059       v
   -5.21418057957607      7.21465826218476      3.28474954977331       p
    1.74501823299400      2.59833914502880      5.71757386094562      si
   -4.49361148771732      2.17118801127931      5.93330687129582       p
   -8.15761721417822      5.43760024312911      3.87639570285778       c
   -7.65652816151458      3.77542815868445      6.15478063557327       c
   -8.56082179136798      4.30517589939149      2.20455608556350       h
   -9.76184958568913      6.69452508844260      4.18199608813685       h
   -9.11837762910540      2.35000459322416      6.41541995054081       h
   -7.62839066410050      4.91935724796318      7.86314929338435       h
   -5.51711800863939     -1.04927579185209      5.09455891520672       c
   -3.89330216781608     -2.29746967334446      5.02929311156634       h
   -6.44148315201131     -1.04255927234767      3.26117528774589       h
   -6.83773005327707     -1.75705212887141      6.50340867962958       h
   -3.85187345338491      1.77028324975854      9.31655003816475       c
   -3.27825547087816      3.56087254804057     10.13289725360464       h
   -2.32039600328491      0.43910188528430      9.59317682681350       h
   -5.54135197605962      1.07495541428819     10.26361003093266       h
   -6.00137725721805      9.38952406732775      0.71093167965456       c
   -6.48348120627621      8.33968442907608     -0.98702163418646       h
   -4.35194983878871     10.54937423722590      0.32351190760579       h
   -7.57990825027563     10.60703629867585      1.21651557551497       h
   -5.07900038530666      9.32692057476171      6.02828234426503       c
   -4.41132423988848      8.29829120592767      7.67243006927108       h
   -6.92058295108433     10.15902622055604      6.41792200725116       h
   -3.70506057325486     10.79730104063324      5.64587483018073       h
    5.05224844665748      2.90896373290567      4.38668106846508       c
    6.22574025489317      5.26330728195933      4.15372442644713       c
    5.27810454401921      6.93075379115364      4.85115797978950       h
    8.58570600717313      5.49398311648643      3.03823929761034       c
    9.45957797179539      7.33814736758323      2.89006990217487       h
    9.83058402587191      3.37469436598536      2.11929369343289       c
   11.67152943811106      3.55686204505273      1.24509890059853       h
    8.70176969074867      1.02001477639585      2.34252462246966       c
    9.66775650270269     -0.65050326555250      1.66148240600694       h
    6.34461556931937      0.79464784060161      3.47233071306369       c
    5.53023482326356     -1.07096930640327      3.68085688841341       h
    1.65297560624381     -0.79814260357894      6.92038707507683       c
    0.92187577213300     -2.77090413685721      5.32447765620438       c
    0.33072362433224     -2.36459705008451      3.41166255506248       h
    0.92573413166398     -5.27092246854289      6.12128946479840       c
    0.35326090748137     -6.75424246076386      4.83286786796278       h
    1.65855648624003     -5.86340948987895      8.56663300061725       c
    1.65829407618515     -7.80744829886138      9.20268682329643       h
    2.40480474979955     -3.93836871447877     10.18506348379678       c
    2.99581225759153     -4.37981720357362     12.09346230583695       h
    2.41268530404308     -1.44779018052883      9.36554885424485       c
    3.00347203457616      0.02673751539992     10.65155265101770       h
    1.89246131330964      4.77055527705944      9.13961540928899      cl
    0.45014643715370      8.17059922266378      3.55930807277710      cl
$end
