$coord
   -5.05532182203182      2.00522311676651     -0.76129181679328       n
   -4.56295824237951      2.31394792770075     -3.16136328659676       c
   -2.44262274917686      1.21345520685721     -4.71154237654637       c
   -1.33911332237762      3.27697425566249     -6.47379831115517       c
   -3.59251695228827     -0.96658340327822     -6.29601448348063       c
   -4.34945319436345     -2.45818603421285     -5.10249567033263       h
   -2.14459657624232     -1.75881020454763     -7.51223204380621       h
   -5.09647698615175     -0.23252487354009     -7.48025981267991       h
   -0.55921653889055      4.84949474513719     -5.40579554203937       h
   -2.81791186460157      3.97973986069172     -7.70726196325941       h
    0.13849793617664      2.46303561217342     -7.63844948897726       h
   -0.28334061678594      0.21500781553779     -3.14644506008577       c
    0.24095093029594      0.64138474581493     -0.77243843456731       n
    1.37962119743435     -1.16634914997889     -4.34643911954158       o
   -6.23112993248979      3.65401879491527     -4.39988807514580       o
   -8.16704701072534      4.55238549395578     -2.61593098848677       c
   -7.28048040902337      3.55072731930131     -0.04096201710767       c
   -9.95313305231525      3.74045584613686     -3.21875077767616       h
   -8.22922355359985      6.59449738619540     -2.79409604055100       h
   -8.66489978879323      2.26394965734346      0.77298577456476       h
   -6.58756933056063      5.56262613142957      1.88732561843614       c
    3.34564519615866     -1.97019125649396     -2.54919424808250       c
    2.49640045256598     -0.84134552962760     -0.01430519191138       c
    1.85686279936787     -2.75249027324735      2.03078170825687       c
    3.88175632555946      0.50057026491075      0.70318110654317       h
    5.12029986307795     -1.18826896091699     -3.22073159579560       h
    3.40928306437972     -4.01876707919208     -2.62384879899563       h
   -5.16195370962624      6.85408475854229      1.16025436475701       h
   -5.92039933687477      4.72000005814168      3.65219885607364       h
   -8.25306126595803      6.65780922067939      2.38760887206595       h
    0.43596437411987     -4.09702682312532      1.39643278475562       h
    1.20625951752995     -1.82165230585945      3.75795076128192       h
    3.54133995375840     -3.80091165217296      2.56654642377020       h
   -2.39393921526837      1.35041668225458      1.55656030808666      cu
$end
