$coord
   10.15675163276313     -1.18004956959932     -0.31725039339206      cu
    6.30047614651073      0.78194677511583      0.99132764759503       o
    5.73862291085323      2.51343974256327      0.84131014926525       h
    4.75185568480346     -0.17339886478490      1.15546072367619       h
   12.09899602849972      2.06898620081063     -0.86455168629497       o
   13.89478852833561      1.69286267266299     -0.91053530644954       h
   11.89608715899278      3.55501754892542      0.18378921906551       h
   14.25977861352394     -2.82976325576566     -1.32185630320462       o
   15.48150635068954     -3.72277702192575     -0.29899443039061       h
   14.70460300466974     -3.27638724805195     -3.03661778649750       h
    8.40157633501953     -4.57527370224724     -0.20017084307216       o
    9.11392988343767     -5.82919296994223     -1.33149003322649       h
    8.44152112976877     -5.34585905587495      1.46271324413426       h
   10.52245197940691     -1.41723403965382      3.48016743456602       o
   12.10585557021370     -1.14491231880240      4.35610946378395       h
    9.27914764458301     -0.32947221027524      4.27942544331180       h
    9.38794203430104     -1.13835141031418     -4.06255933505515       o
    7.62603854991632     -1.41854784153447     -4.48228517447630       h
    9.83578714306245      0.44435202214666     -4.87165409719958       h
$end
