$coord
   -4.01951777695453      2.47684423167185     -1.91882241294679       c
   -1.43675493812561      3.17531120912040     -2.09473288686800       c
    0.03123155189385      1.13344600557713     -1.21091787673714       c
   -0.72080244648709      4.95539981344696     -2.77787029817780       h
   -1.62304258109024     -0.82694205837840     -0.47380549932847       c
   -4.13235235678734      0.01047139628913     -0.91254983956164       c
   -5.83005722137206     -1.05504783312123     -0.55123690301558       h
   -5.61149333420029      3.62646987597125     -2.45815417243594       h
    2.05906752545654      1.10545080845382     -1.04528286363698       h
   -1.07377507450493     -2.62682091311927      0.30305048618443       h
   -2.37704392507421      2.56583121262536      2.09756932678001       v
   -3.51441162113119      6.73691638760749      3.52836565644861       p
    0.91889757196423      2.67215582971969      4.48322941355621       c
    1.75539357295329      0.77988138867432      4.56742065659964       h
    0.72095148590269      3.30508492747698      6.44590867890169       h
    2.34541018064410      3.90640704430173      3.62883098457099       h
   -4.68214885141032      1.27633287604596      5.78420006545220       p
   -5.62379357553718      6.42112972089732      6.33667331509549       c
   -4.92933706771598      4.09313230079394      7.87148776950710       c
   -7.54705106696750      6.25143135274707      5.61622232518725       h
   -5.56198666316197      8.13042162513661      7.48881531940506       h
   -6.28505803912932      3.75913196643568      9.38942440755952       h
   -3.07958503416335      4.33038741608182      8.74239404133303       h
   -8.00818527888590      0.24520636906043      5.55101355032914       c
   -8.09269565060387     -1.51863790948002      4.49925545409743       h
   -9.08754684458966      1.64573574305588      4.50434084996648       h
   -8.87488056767044     -0.03668218989397      7.39736014401827       h
   -3.37608498313145     -1.11480686594339      7.94239331828055       c
   -1.42324271692126     -0.63352728999093      8.34974080874568       h
   -3.39816215686282     -2.94697828798345      7.01177102916559       h
   -4.43808897672329     -1.24461714179486      9.70147693797976       h
   -1.01413214269421      8.85572651040474      4.70781734402958       c
    0.07589318182414      7.87455533958918      6.14271178947785       h
   -1.77870011857850     10.60050801702038      5.48835982578320       h
    0.26373610807750      9.30878864441872      3.16368743319182       h
   -5.34881677927451      8.91782668191609      1.52520515623738       c
   -5.90505342534367     10.62412390208334      2.53436673409926       h
   -7.03345274054194      7.95811495770138      0.84496875553141       h
   -4.21967954349990      9.45021248778988     -0.10733697478211       h
$end
