$coord
   10.31831948288682     -1.11609530004394     -0.17899805866439      cu
    7.20031843883522      0.71334610898392      1.31864444793926       n
   11.78216813422779      2.31435134478200     -1.35951148082921       n
   13.65581044610994     -2.90302084586075     -1.16844333704922       n
    8.63158342767615     -4.58064761207226      0.48776072997734       n
   12.25839520088588     -0.76923970294382      4.36613490708889       o
   12.12260606882763     -1.95128803442564      5.75033612433123       h
   13.28845527457509      0.56768534728426      5.06135914093496       h
    8.37278078742505     -1.42808872116499     -4.73012831451243       o
    9.10825200130266     -2.17215111161216     -6.22582715167319       h
    6.74784051415721     -0.83834936556794     -5.31625111885106       h
    7.61044042465763      1.06624607072341      3.16106945920876       h
    5.56792704778675     -0.29124567034061      1.29927184910383       h
    6.76908190808589      2.39880662709514      0.51373925358286       h
   13.69537416175479      2.42962484396469     -1.38063861654241       h
   11.19295028799938      2.56096442429990     -3.17044107725537       h
   11.19165239318371      3.84648082970472     -0.37037122397150       h
   14.73297360321625     -2.95975072562238      0.42020822254971       h
   13.47281110370315     -4.71141341037276     -1.77709138604077       h
   14.69749959622947     -2.01875865593586     -2.51285897159453       h
    9.83566785427056     -6.02651430101664      0.85370063351333       h
    7.35180779525579     -4.61323701786444      1.91461588603449       h
    7.68594577922395     -5.04301078655238     -1.11830723872882       h
$end
