$coord
   -1.71626628838550      1.81517342801759      1.07097099223840       c
   -2.51566406323399      3.03001238435168     -1.17663836146950       c
   -3.60349996064212      1.18149002455176     -2.75730692172184       c
   -2.32680525082228      5.01060073821355     -1.60490109782415       h
   -3.46303952033678     -1.16020920405222     -1.49616837438297       c
   -2.29891779482473     -0.78713713803762      0.87106590797531       c
   -1.92987748807901     -2.21384610996610      2.27511460260479       h
   -0.83020368961167      2.71965222693500      2.66216051001990       h
   -4.35678220830401      1.48747706230290     -4.61847148201756       h
   -4.04788499157012     -2.95326796832416     -2.26881632437650       h
    4.64052109664389      1.78126853688051     -3.77294172207966       c
    4.18011026520508      2.98511706707145     -1.45305517088802       c
    4.13214560211617      1.11344011809522      0.45760731483005       c
    3.85989860827593      4.97729166445008     -1.18037453164844       h
    4.56810500061798     -1.26128365002214     -0.68598818680096       c
    4.86832535633142     -0.83471377648079     -3.30933738716750       c
    5.13998542776287     -2.26171560296739     -4.73586884461798       h
    4.70588989810968      2.67256562769832     -5.59852359075679       h
    3.82913510402041      1.43996458655102      2.44202982151600       h
    4.68804786915785     -3.05243319181537      0.27393641783910       h
    0.73073048105294      0.23022005138048     -2.18757235919326      ti
    0.23556166767074      0.10105333453460     -5.42771553810106       h
$end
