$coord
    0.28951098041514     -0.80734155255326     -6.48482934274921      si
    3.40822559662057     -0.70206609163872     -5.97859918155331       o
   -0.76314561392660      2.02645827108638     -8.33543655875149       c
   -1.52180112832544     -1.00350858445419     -3.44681787701157       c
   -0.16777727334882     -3.77344399268156     -8.34991317979935       c
   -0.64325255051484      3.75645762319348     -7.22785789151294       h
   -2.72623436793854      1.81293004688108     -8.92403665315993       h
    0.36567156244358      2.28210491253901    -10.03857485079129       h
    0.81956238467893     -3.68152629163186    -10.15366179173301       h
   -2.16143190103155     -4.11620851307231     -8.73842861143273       h
    0.55577370728974     -5.40804747996333     -7.32798628094071       h
   -1.29792430686434      0.70168462033292     -2.32002129025095       h
   -0.89600428551526     -2.59887547231963     -2.30589907400477       h
   -3.53462452436618     -1.25645360738827     -3.81278394428882       h
    4.77290820047515      1.50829811806750     -5.29965106951251       c
    7.57947804799609      0.97538326686070     -5.42589614975793       c
    9.27236109288873      2.95930931808514     -5.07355254556505       c
    8.55327016040540      4.84497257621711     -4.73103070152213       h
   11.85489808781084      2.53774197068813     -5.13306560650468       c
   13.14704764393769      4.09963048334500     -4.86196796390110       h
   12.78389639214186      0.11615385105350     -5.54115968785233       c
   14.80096201777842     -0.21802078499185     -5.58599524075998       h
   11.10734617099746     -1.86651508503757     -5.88910305957829       c
   11.81398091296037     -3.75898814578988     -6.20987707002514       h
    8.51781090331470     -1.43997048685573     -5.83368473520476       c
    7.20486445876737     -2.97534175513173     -6.11497333245179       h
    4.01812815716563      2.44121036073490     -2.70538859254804       c
    4.35865289937277      3.00849992610616     -6.66344720630490       h
    2.97041028376891      4.72235378313599     -2.47922532239939       c
    4.56616162330879      0.66196322622297     -0.58315744273725       c
    2.70508644956519      5.80439973347328     -4.20519210884983       h
    2.10721335969013      6.01197462462961     -0.13281597583953       c
    4.11760163989692     -1.26722194928216     -1.13643673890547       h
    3.50969071058042      1.10050111554437      1.11970676661203       h
    6.57375209414442      0.69076561139061     -0.11535518622429       h
    2.39361285102139      4.88647776141311      1.55920587249084       h
    0.10162073339711      6.48645609209154     -0.24746921298572       h
    3.10849853022586      7.79715374853845      0.13129975599985       h
$end
