$coord
   -4.72609829342957      6.73644555816207      3.37650630281885      ti
   -4.87208253142441      4.94895403089125     -0.87868084798495      cl
   -8.25093984025541      7.00454958597632      6.08198159563970       c
   -9.00004405920885      5.64082774938419      3.92044660973964       c
   -7.69507292363141      3.31141772282342      3.95015062182856       c
  -10.31291818535960      6.25122172607003      2.49254969375557       h
   -6.13599678360789      3.26603823345318      6.08821949768358       c
   -6.42830512701218      5.56368231175702      7.39948015789984       c
   -5.47260058717243      6.10772748026212      9.11191448516167       h
   -8.94536376388296      8.83423006483243      6.62639314296280       h
   -7.79501360897231      1.88952472326605      2.50474408282879       h
   -4.85220780581411      1.76846712063898      6.58259180200106       h
   -5.74733097196470     11.12833163416364      2.76652491739612       c
   -4.42394679420717     10.89723392675852      5.07825360612294       c
   -1.96861046224884     10.04147456014209      4.54646561130969       c
   -5.16328058258517     11.28796950678907      6.93138140276105       h
   -1.77265263366633      9.74579527783687      1.89324367412318       c
   -4.09627934744649     10.44962272468956      0.81053225740515       c
   -4.57083132685117     10.31508171361389     -1.15845378358015       h
   -7.69353068475991     11.68137789108298      2.54676525734118       h
   -0.50284211397206      9.73071431185717      5.91947880452833       h
   -0.17589985912095      9.01284511760227      0.87287226437388       h
   -1.31290562642901      4.27418077097027      3.52939093743735       o
    0.96461081356964      3.85257875439301      5.12827207754860       c
    1.10875188843805      1.12311590299398      4.14842719080567       c
    0.39584079653129      4.18268528683568      7.89348853481765       c
    3.11362691318419      5.49968468302043      4.22988135566504       c
   -1.00606926835711      1.81352985924796      2.32453500863829       c
    0.57896218786549     -0.27734304685631      5.55379568772620       h
    2.89867242017924      0.59282675596288      3.29498440804119       h
   -0.47979812597017      2.04228616318073      0.35556689823641       h
   -2.73352285112342      0.71390378359521      2.42973263034920       h
   -1.10120417445095      2.92246418693117      8.51158423262083       h
   -0.18130738127820      6.11271068690368      8.29841950310236       h
    2.08233945536632      3.77108617577269      9.00057568840909       h
    3.37574785348357      5.31225538362183      2.19995812374144       h
    4.85973447633222      4.92756863903971      5.15979167363932       h
    2.78621689688059      7.48011961532799      4.65817044152812       h
$end
