$coord
   -0.00000040659608     -1.36660686543864     -1.20521133629358      cr
    4.57029196635829     -1.17388571000395     -0.84546352413375       s
   -4.57029278537393     -1.17388517779178     -0.84546383123246       s
    5.37420017307395     -2.26016754426901      2.33610411741837       c
    4.63221641685719      2.29276100870775     -0.41326084293167       c
    2.34530430961511      3.38509589413547      0.92387948246551       c
   -0.00000030910039      2.84587470901926     -0.46822529960077       n
   -2.34530509466549      3.38509652208349      0.92387896398509       c
   -4.63221708196681      2.29276160957392     -0.41326158477397       c
    4.81433478796198      3.05125315323207     -2.31675829348333       h
    6.35780664497866      2.76907617319812      0.59593817276988       h
    2.63606341657786      5.41567487660363      1.18570526469716       h
    2.16025079554283      2.56316566737336      2.80067339202283       h
   -2.63606400345612      5.41567560356753      1.18570422023774       h
   -2.16025197896313      2.56316673069690      2.80067310223804       h
   -4.81433501846890      3.05125348603304     -2.31675917089674       h
   -6.35780749352212      2.76907704987681      0.59593700430365       h
   -5.37420067371369     -2.26016631662678      2.33610409257513       c
   -0.00000003352992      3.86635386419169     -2.09378040140453       h
   -4.05327639852213     -1.56731406260059      3.74134755160724       h
   -5.30168009152603     -4.30795662610651      2.28914397216719       h
   -7.28339877697918     -1.66051871341117      2.78656971066453       h
    5.30167978770548     -4.30795784875365      2.28914337510784       h
    4.05327601368674     -1.56731582373531      3.74134795416600       h
    7.28339827512138     -1.66051994425256      2.78656969780918       h
$end
