$coord
    1.23998517753300     -3.51688740840089      3.57554805219732       c
    1.11108854047291     -2.84304769886877      6.16074540537477       c
    3.37506939731276     -3.59044904800262      7.31891075853124       c
   -0.46525385968968     -1.95673546566619      7.09346118805241       h
    4.89572132709879     -4.76004302626396      5.46482888707894       c
    3.57655847616440     -4.68696473418332      3.14348732338454       c
    6.69229895564036     -5.65847992383657      5.77042441597313       h
   -2.41341862229364     -8.64258498583190      3.94604443949272       c
   -3.01657702905186     -6.73105898983717      5.70632163076107       c
   -2.52639586316988     -7.66442282615190      8.15389241256964       c
   -3.71900803247922     -4.87730937070645      5.26290845900187       h
   -1.68061665881522    -10.19459454988451      7.91923070068706       c
   -1.62498269062851    -10.77241061870198      5.32611023300224       c
    3.81633240644107     -3.41706057250159      9.29695758112694       h
    4.20639110149706     -5.50979229031231      1.39647864267379       h
   -0.22850824579875     -3.24349194319611      2.19349736847536       h
   -0.94264259124265    -12.49833514605832      4.50318802787120       h
   -2.77219010583779     -6.63135323931839      9.88787804292441       h
   -2.52114097492569     -8.50953526147408      1.91888403993714       h
    1.35036736316864     -7.37483715950974      5.97443215800316      ti
    3.98533629841358    -10.60746680605049      3.82613783617625      cl
   -0.99586182618073    -11.99475582163944     10.01351471932528       c
   -2.69617472224648    -14.33067354905645      9.81661168895237       c
   -1.35406033195512    -10.79568113468673     12.61181975102459       c
   -4.67567592970885    -13.78311509528684      9.92322167424375       h
   -2.31067980513380    -15.65142758698196     11.35095521103915       h
   -2.41090472470614    -15.31834242965370      8.03703869645583       h
   -3.32285692921074    -10.28638994112396     12.91869930677343       h
   -0.21810198791519     -9.09745587696920     12.83663185365993       h
   -0.81518080759197    -12.12309321093114     14.09159459556181       h
    1.76431713359518    -12.88923335539208      9.72181572918947       c
    3.63009231739619    -10.82030377356200     10.13313353858049       c
    2.07790480131855    -13.56598292235755      7.80141776050826       h
    2.11210749318506    -14.47307012546600     10.98159887728726       h
    3.35476902251989     -8.67824277198321      9.18018881417413       o
    5.66922000685810    -11.20242646890047     11.60562521217530       n
    6.55025491123469    -13.57577604043308     12.64099100905241       c
    6.91261676177088     -9.75989702068386     11.54798422857872       h
    7.63091173798931    -15.42713769701863     10.75199119389274       c
    8.49121059171076    -17.75403950685926     11.63751744074630       c
    8.37654166764667    -18.18716684391158     13.63718759716823       h
    9.48936664690907    -19.52269325644269      9.98778267295524       c
   10.14934755228794    -21.32081498834175     10.70312536823522       h
    9.63277206918251    -18.99088005494687      7.42029881327711       c
   10.40329694024948    -20.37410937427506      6.12677032455101       h
    8.77669276799029    -16.68288990631729      6.53016478310497       c
    8.85706480207512    -16.24495887084510      4.53585739985386       h
    7.78747165079690    -14.90210783419103      8.18615208318162       c
    7.11578004488083    -13.12961359358134      7.42395136430054       h
    5.02044825303571    -14.46531279310383     13.69536254552006       h
    7.97997291818732    -13.10485538112858     14.04644959865523       h
$end
