$coord
    2.88059013247179      4.32216663956062     -4.01712440992173       n
    5.63224766040658      4.37490956742573     -4.20066946832382       c
    1.98127281559802      5.44344366736038     -1.66299808759186       c
    1.86962484942504      1.78474902880673     -4.40121105550382       c
    3.04675676352645      0.83456949096476     -5.79507508791555       h
   -0.83186051003055      1.77905394220170     -5.35660832549729       c
    2.02035597128983      0.64692491345758     -2.65957724191041       h
   -0.95765855855755      2.79553715759369     -7.14000710654361       h
   -2.13196267600736      2.66992421044390     -4.03378888397318       h
   -1.48561225368748     -0.15152193628939     -5.65436197828096       h
    1.99591482246494      8.30867523186367     -1.69799527248245       c
    3.07313840068996      4.73841641797616     -0.03135154927315       h
    0.04712352446585      4.81330785716827     -1.35765009664809       h
    3.88551586896306      9.07804926385386     -1.96465869993214       h
    1.27496788125971      9.05283030304565      0.08230085674881       h
    0.81225983497548      9.00922737507460     -3.22703807263261       h
    6.58384597289855      4.33376361360318     -6.90316505349341       c
    6.48640014716821      2.81350727691279     -3.11296597993370       h
    6.29567919507168      6.10684552202271     -3.31137328996008       h
    6.02151564753517      2.62671179562711     -7.90499739250409       h
    8.64160218252281      4.41892215918327     -6.94223838615980       h
    5.84192837082228      5.94490744271147     -7.94401727634783       h
$end
