$coord
   -1.88443749441634     -0.97258353347608     -0.64258238577775       o
   -1.39733093155725     -1.44084043245760     -2.83625556648638       c
    0.22649241833688     -3.51755343308520     -3.71084903928054       c
    1.37111714357269     -5.15900374593858     -1.99090593016730       c
    1.03900801855511     -4.87433017956636      0.00496631692089       h
    2.89179429198440     -7.09770903053197     -2.85406864411432       c
    3.78021367827481     -8.37123244847494     -1.52467986834835       h
    3.28321951790588     -7.41582205845212     -5.43597944065282       c
    4.47546489010261     -8.93635051769522     -6.10508501065978       h
    2.15092349084028     -5.79120788004779     -7.15653342109716       c
    2.45899283266721     -6.04407874853815     -9.16106503029776       h
    0.62607298357099     -3.84620575310379     -6.29382046494536       c
   -0.26581764221772     -2.56791211090700     -7.62169481044932       h
   -2.19781943770758     -0.26324462998937     -4.37900683216280       h
$end
