$coord
   -5.07869084468861      5.14636572683222      3.92561558101268      ti
   -6.61951895429310      3.56584057746938     -0.11314030697452      cl
   -7.99863738425030      5.71617932244254      7.27814645913154       c
   -9.13210710223884      4.15298284661017      5.45394107505823       c
   -7.77082605661169      1.85343415438536      5.40651466255175       c
  -10.70677084955659      4.62588511033973      4.25929863713330       h
   -5.82104161990789      2.01096529601536      7.20297697319948       c
   -5.92337146729608      4.40648851024920      8.34008967788799       c
   -4.64899132459311      5.12342259408281      9.75646806756619       h
   -8.60006861850492      7.59613028394563      7.76313378097044       h
   -8.12493092642080      0.30379312000150      4.14297114545999       h
   -4.42870205673041      0.57363885439435      7.57363741679896       h
   -5.65677044349736      9.55468013845475      3.17408823706965       c
   -4.16881118089461      9.26162919930992      5.37633203806536       c
   -1.85940512945671      8.13562975744666      4.68268713644295       c
   -4.69797583233134      9.80267469761739      7.26202697534253       h
   -1.91003052655690      7.78130776874373      2.03033957117076       c
   -4.22996381017862      8.67438676913066      1.11462550488299       c
   -4.87667742781197      8.53795507197093     -0.80406816135726       h
   -7.54741194698850     10.30210961026624      3.08483265749062       h
   -0.31588281964298      7.71017997979655      5.93752684037834       h
   -0.47431402473459      6.87470168511760      0.91009050002514       h
   -1.93484743328560      2.35726660479747      3.30419623415171       o
    0.21113504557158      2.25977240175925      4.98714293998846       c
    1.15512461392023     -0.44115356545265      4.88674518644579       c
   -0.40314985374748      2.85944407592358      6.85342551466846       h
    1.62930114692850      3.59178973476823      4.30359560571327       h
    0.46171388105696     -1.22217455797844      2.20469224821697       c
    0.14725000605234     -1.60577297855093      6.25494010533962       h
    3.16541003764576     -0.57645718084204      5.29242262920099       h
   -2.07840763304314      0.03654700208758      1.84009820188042       c
    0.35538882714643     -3.25911111732326      1.95315037798121       h
    1.83553625645696     -0.48216169161729      0.86011665527700       h
   -3.62255146481147     -1.10337389442689      2.58949717106789       h
   -2.53647404830178      0.55270532939808     -0.08612414492749       h
$end
