$coord
   -1.87449740535650      2.14072327419782     -0.02208159512528       c
    0.95090247305356      1.40091730859017      0.28400677209585       c
    2.08393858885991      0.97042830189379      2.62628959649606       c
    1.03219867163510      1.26081833044627      4.34327560496490       h
    4.56654943692395      0.14387780761652      2.82310162915206       c
    5.37190709703216     -0.15061057726218      4.67960081489677       h
    5.99036062468865     -0.32381155202629      0.67915598595678       c
    7.92556131624191     -0.96656215014723      0.83006797816356       h
    4.85400101193319     -0.04036534659336     -1.66634589158728       c
    5.88532434835999     -0.49452227435244     -3.37288822684383       h
    2.37064885870273      0.75690918229134     -1.84769432686513       c
    1.50408081215250      0.80515558246981     -3.68691443937839       h
   -3.22655930922957      2.40297003188005      2.55197962171391       c
   -2.32721144965147      4.00468407478356      4.44428381869701       c
   -0.59402910019553      5.03195697620695      4.18550890096686       h
   -3.65229147113259      4.39260626891282      6.67172353873783       c
   -2.87854931356816      5.65228951619494      8.08491033016793       h
   -5.94610702993672      3.20117565396355      7.07743281127262       c
   -6.99140223535641      3.51192696835183      8.80756350899646       h
   -6.89255252852387      1.62997276559099      5.20891238300114       c
   -8.70433500371861      0.71411159900175      5.45057378995896       h
   -5.55123612078966      1.24111474552088      2.99648300578942       c
   -6.38163461857948      0.06191241451297      1.56061520721663       h
   -2.82592633628048     -0.26153569053772     -1.40512141405241       c
   -2.85297059259804     -2.51123123529616     -0.01140205346018       c
   -2.37357188705802     -2.46449833937416      1.97156286319064       h
   -3.44745915476552     -4.80726186878957     -1.10395511609764       c
   -3.45823599017485     -6.49527309827059      0.05009171629955       h
   -3.99530450217499     -4.95343870027577     -3.66652220046715       c
   -4.45115712547676     -6.74842529474160     -4.53354325551304       h
   -3.89653458785652     -2.76773459239049     -5.09439583062583       c
   -4.26791036144891     -2.82951016136485     -7.10449323654321       h
   -3.30684741639007     -0.46295475494241     -3.97873206388036       c
   -3.18750059855699      1.16648663279440     -5.18381033685142       h
   -2.52422779082718      4.87905872968116     -1.48346747381400       c
   -1.03249921488604      7.19840056760446     -0.49117842521998       c
   -1.90810820268160      9.58664320630208     -1.22160021420710       c
   -3.63996664166262      9.73287714089448     -2.29088063459646       h
   -0.60524615231702     11.77398452069160     -0.64037415056513       c
   -1.36124522885811     13.57965510185096     -1.23145798519197       h
    1.66962887762700     11.65519988696624      0.66286768392149       c
    2.70240572606663     13.36163116766554      1.11332963928716       h
    2.61106913207615      9.31010942402367      1.32653030966018       c
    4.40241468777613      9.15436692769514      2.30071617283278       h
    1.28389487840242      7.11867419940060      0.74343175624747       c
    2.13188710013389      5.34164632118507      1.23889458816108       h
   -5.37894820250188      5.25268532761170     -0.99465616555376       c
   -6.23828955279007      6.89203764844280      0.88334527247771       c
   -4.90220949825095      7.99376706040234      1.95210374412618       h
   -8.77423399445029      7.08801007652207      1.49623535238574       c
   -9.34292156337802      8.36124101342554      2.99132378375546       h
  -10.56060118215924      5.64507894504259      0.23829928420064       c
  -12.54386526895559      5.79060564634869      0.71582965378866       h
   -9.75277030013204      3.98770534742211     -1.61789952757190       c
  -11.10065835364839      2.81543060384767     -2.61366055704971       h
   -7.20769911462513      3.79279462053738     -2.21152885847825       c
   -6.66775369549322      2.42333198841584     -3.61105259333223       h
   -1.84979004497609      5.08938397949742     -4.33327335105443       c
    0.68410345635821      5.11362884674629     -5.07605795214216       c
    2.14610773088401      4.95717198962055     -3.67105276612234       h
    1.38925030647498      5.42696946447489     -7.57410555082319       c
    3.37492981794649      5.40650839492785     -8.06282501016862       h
   -0.42245499066837      5.83375150520730     -9.42481267735860       c
    0.12270989170012      6.10002042533988    -11.37745564577037       h
   -2.93316630876820      5.98452117340629     -8.70612662404654       c
   -4.37938763582498      6.39342777890885    -10.09290095505595       h
   -3.62971695053580      5.64007489551023     -6.19988639808064       c
   -5.59754373991710      5.82499269712513     -5.71769091786166       h
$end
