$coord
   -2.44191945688180      1.35715879348824     -3.84175660608915       c
   -3.41852563146265      1.68120882850687     -1.48221220243982       c
   -1.84607118087854      2.95402114683323     -4.97096540558824       h
   -2.62076960516557     -0.43515196166578     -4.81503185229611       h
   -3.52203637896591      3.59079900654030     -0.73025424849919       h
   -8.14948582922482      1.97106904895360      0.53040636838188       h
   -7.68504178453947      0.08602976655785     -0.17214933693857       c
   -4.81724759756154     -0.30598061630026     -0.04143148100569       c
   -8.26439841019057      0.05138471507702     -2.15122418946203       h
   -9.15046738016025     -1.88833542483574      1.31528490032971       c
   -4.25815872520783     -0.29186941435622      1.95027409024791       h
   -4.35057856152996     -2.17341982561508     -0.78483098640376       h
  -11.99192565830281     -1.51041145830659      1.16951388107998       c
   -8.54395457273467     -1.84242208170634      3.29021089115510       h
   -8.66480892598886     -3.76832449235831      0.61090174813050       h
  -12.54450820702698      0.32434158872908      1.92387773933378       h
  -12.99270464599279     -2.95146007498562      2.24288852798162       h
  -12.65864035210100     -1.60900952729382     -0.77602179570065       h
    0.91987183179311      0.74824970282549     -1.19071360944746      cr
    3.46791081600172      4.63162143135997     -1.51249921249578       s
    1.60173260142713     -3.84214058043567     -1.17346183679197       s
    6.84676754381250      4.09940459594624     -1.99561854746978       c
    3.34848586465480      5.08862072886161      1.93197162037016       c
    3.85942560319242      2.70878949139800      3.43283302702795       c
    2.04061832040753      0.67072346721538      2.84455116788141       n
    2.97013005056675     -1.86286774144484      3.56455066949425       c
    1.49621284747408     -3.95973515149985      2.29908083048522       c
    1.46381989595925      5.82473041200663      2.30197869425233       h
    4.69181097135835      6.55886448413028      2.44497246722489       h
    3.85573663100557      3.15911818547340      5.44910288553510       h
    5.73949797025067      2.00648540920195      2.99423539296918       h
    2.91782834258705     -2.12957533959819      5.61319814303588       h
    4.94415716929289     -1.97595966742478      3.00546910058886       h
   -0.50307459154436     -3.87657138276872      2.77375599548353       h
    2.19546815064216     -5.79405215684319      2.91105023539978       h
    4.86711991787832     -4.80090471136472     -1.77130920204955       c
    0.42894219751582      1.01156966924899      3.82845691481525       h
    6.20899782987164     -3.50980255488868     -0.91451973096610       h
    5.11440359231162     -4.76913206222323     -3.80630366452446       h
    5.16720104072491     -6.71170453429908     -1.08625597083074       h
    7.09907982046567      3.78698048833717     -4.00616803603021       h
    7.50971223361453      2.45034842130014     -0.97461300362989       h
    7.90437875204755      5.76632088114462     -1.43581928224688       h
$end
