$coord
    1.85062099527641     -1.04204413880780      0.30582079775769      co
   -1.31383820321866      0.50096923892967      0.26043954418492       n
    0.07519762216802     -3.71014865980789      1.72243176554532       n
    3.80137107150318      1.68534708559635     -1.14997630902524       n
    5.17166275630397     -2.52877281813429      0.34803237751680       n
   -1.72957543824115      2.69470874800872     -0.58850807338182       o
    2.82426994941613      3.90214392408595     -1.94744797239333       o
    5.72767498347639     -4.84052277592120      1.27115842822996       o
    1.03299551532469     -5.79358947302226      2.37962912422311       o
   -2.45123056090601     -3.33411778067227      1.96819523105801       c
   -3.24313296435679     -0.94764109174561      1.14534639677268       c
    6.21633626129342      1.32027871265794     -1.39491535809014       c
    7.02216065631450     -1.16519967732830     -0.51516652804594       c
   -5.88014728642206     -0.02486973158966      1.19348208316394       c
   -5.98136567340267      1.90338046157274      0.51506351067757       h
   -6.64287174524755     -0.09602068622390      3.10401244544261       h
   -7.08926280346285     -1.20102422349739      0.01227793899241       h
   -4.07694876813190     -5.34473945270707      3.01264998926471       c
   -3.42127596905685     -5.89154888602095      4.88652168713442       h
   -3.95633894943444     -7.03893805182319      1.84765309671010       h
   -6.03394771508498     -4.75641516783141      3.12963934641345       h
    8.00027496099100      3.20770183946236     -2.44408784431968       c
    9.68638857909733     -2.02740838067068     -0.54243603323419       c
    7.10420011548926      5.03701049735304     -2.63584041610676       h
    8.67669009168032      2.62556801942351     -4.30184669926423       h
    9.65013877306594      3.39704384765746     -1.23188659360642       h
    9.79442253810026     -4.05145504445664     -0.85723893687730       h
   10.57480879249071     -1.65392268239885      1.28092282822429       h
   10.77790893937003     -1.05909832174019     -1.98182872453441       h
    0.98603812010229      3.76209311872670     -1.46699319594149       h
    4.03084306901535     -5.51110823904087      1.81785227683120       h
    1.09888651506302     -2.53313397790721     -3.41369938616356       o
    0.94126921408747     -1.22223994630112     -4.67375943117212       h
    2.44252485272009     -3.61095351640564     -4.01578565191190       h
    2.44312674395566      0.24163151797817      3.76405038357170       c
    0.64092113764330      0.57538331035246      4.67849296287407       h
    3.50187428937715      1.98555831570792      3.59256589052686       h
    3.51544529741770     -1.18833528014554      4.76511750645699       h
$end
