$coord
   -0.00006607167908     -2.20421171047698      4.73512595983500       c
   -0.00003814281687     -4.40349402443948      3.43556717763611       c
    1.74162591394722     -1.37841259680352      5.41791817480051       h
   -1.74178498546821     -1.37842374452512      5.41786290429589       h
   -1.73941958574598     -5.39658312859899      3.02706056258452       h
    1.73936306369012     -5.39657141421248      3.02711630403759       h
    0.00007801891782     -1.90870798355229     -4.14614634596877       c
    0.00004318719132     -4.17978748671663     -2.96702182525236       c
   -1.73361610485251     -1.04322091685549     -4.78900266788754       h
    1.73380544245070     -1.04324331396973     -4.78894302133724       h
    1.73476782398082     -5.20451250130079     -2.62215605194135       h
   -1.73470663910905     -5.20448988194972     -2.62221530229647       h
    0.00000282202874     -1.19019397818232      0.30643381445626      cr
   -5.10930869347457     -0.28283964964184      0.59999818708152       s
    5.10931094349788     -0.28283810257445      0.60016389147471       s
   -6.73829090271777     -0.42616310339266     -2.42818033744262       c
   -4.64818980778611      3.12890483506290      0.90717003911092       c
   -2.32020395254294      4.12349663184879     -0.41969923198005       c
    0.00000081672251      3.01036514972284      0.64578017462319       n
    2.32023537205369      4.12349251525873     -0.41963872309494       c
    4.64818402831713      3.12890854069627      0.90730148790332       c
   -4.54984211414049      3.50750475549153      2.92839255700548       h
   -6.33135891292440      4.07927886816750      0.21207773820044       h
   -2.28518669645574      6.18591845216939     -0.25345803919932       h
   -2.36993403500458      3.67685087170290     -2.42717571092307       h
    2.28521243123032      6.18591513617147     -0.25340856584741       h
    2.37002308924669      3.67683642098971     -2.42711155952347       h
    4.54978161178771      3.50752253037304      2.92851870742618       h
    6.33137236489517      4.07927725957717      0.21224858700126       h
    6.73839867529290     -0.42617924257071     -2.42795689907292       c
   -0.00002376064694      3.40125192860088      2.52773312478329       h
    5.70567551562637      0.56632638355444     -3.89715920706131       h
    6.88659802789235     -2.40712589756246     -2.93931473064623       h
    8.62575687716589      0.35692294112840     -2.25211504238932       h
   -6.88647299968296     -2.40710665974385     -2.93955512342873       h
   -5.70551591285573      0.56635082096520     -3.89734068847171       h
   -8.62565498813402      0.35693869290651     -2.25239996690620       h
$end
