$coord
   -4.07578227254084      0.83179222229855     -1.17878315081323       c
   -1.41047024729282      1.08925276981759     -1.24957701857652       c
   -0.35960711113233     -0.73898440456029      0.38727923746152       c
   -0.37057195755748      2.44809416327813     -2.35335004207782       h
   -2.36487964397802     -2.12731109996953      1.47738274436760       c
   -4.65815588856315     -1.15599516473378      0.50507454083649       c
   -6.52825546340919     -1.81058235413895      0.97417112867482       h
   -5.41657647546625      1.94977122234978     -2.22642347947380       h
    1.61538956346844     -1.04120588723458      0.76452997723004       h
   -2.15636907572609     -3.62066440498036      2.84261857542754       h
   -2.73050977798535      1.96257871883269      2.75798186057567       v
   -3.11097529135341      6.53052617819150      2.66923815567561       p
    0.74161186627724      2.09949900030280      6.00359644952975      si
   -5.77822816604769      2.35883607484827      6.11302090913768       p
   -5.72075976062114      7.44064908277497      4.85285276540723       c
   -5.75747674559069      5.70985591416875      7.14342734250952       c
   -7.48204628198842      7.27009167468091      3.79793934612056       h
   -5.53518881098416      9.41816021735036      5.40394759845003       h
   -7.37495557185835      6.09950539144056      8.36151026029622       h
   -4.05421911277678      5.95955999323578      8.27251576366208       h
   -9.13317057074448      1.87136573942698      5.27202702298262       c
   -9.44667191071752     -0.12214326428164      4.88434124175924       h
   -9.57641643932489      2.91557013989526      3.55950314226527       h
  -10.40600359672550      2.46270177981011      6.77803979247001       h
   -5.61529023222045      0.67070778119815      9.14381052692215       c
   -3.78258802415767      1.00739111268562     10.00222473454261       h
   -5.81983056373766     -1.34708783411323      8.81638123226805       h
   -7.09725090032043      1.28943704565804     10.43113118516647       h
   -4.11656159312228      8.03226502542508     -0.30828428203753       c
   -5.78217856883501      7.07208617754132     -1.03116603947542       h
   -2.61717386646888      7.84375816991312     -1.70054360875830       h
   -4.54124529869876     10.03063831571210     -0.05751068667056       h
   -0.57493700267582      8.68469992909955      3.67137480942830       c
   -0.02541660217145      8.25316456451912      5.60021073979828       h
   -1.18408359964298     10.64708580199973      3.54990003982154       h
    1.08542798933821      8.40261042310222      2.49999730337353       h
    3.57703806347341      4.12086876305770      5.11906662791709       c
    4.88969100046174      5.55564825988382      6.90477082386493       c
    4.33059227359781      5.45982769553076      8.87239192194169       h
    6.89068454647430      7.10824658137082      6.21705775726189       c
    7.86712535052930      8.20799460910061      7.64051055183724       h
    7.65159717456442      7.24098799785281      3.71032766230876       c
    9.21490624897289      8.44446919059969      3.16887846175509       h
    6.39547463565440      5.81044995913831      1.90377404031194       c
    6.98037411150170      5.89553058536213     -0.05603292725599       h
    4.37931836969086      4.28853505021366      2.60725024348640       c
    3.38179975137646      3.22921701329032      1.16756899866877       h
    2.06751871422900     -1.19460441717107      6.57969313835646       c
    4.47791131232924     -1.90549370670565      5.77101197328312       c
    5.71617109403058     -0.50336980811765      4.94096147641115       h
    5.33785721388929     -4.37332662842264      6.02500927541829       c
    7.21800714145723     -4.86518564529905      5.38269154091355       h
    3.80790115564076     -6.19983354044666      7.11694620385531       c
    4.47515705049349     -8.12318341607840      7.31949991806840       h
    1.40494107872444     -5.53630167732738      7.94112864686596       c
    0.19424551730908     -6.94417967025788      8.80348066762765       h
    0.55496052643991     -3.07397538785432      7.66112970796855       c
   -1.33635204843477     -2.60639219158021      8.29041985351324       h
    0.15514217523956      3.05380208025939      8.63993571659991       h
$end
