$coord
    2.08029730038994    -12.17099666050782      5.22475610015166       c
    2.81752038839874     -9.61179160063434      6.16353353667467       c
    3.60607417281272    -13.16655795905845      4.27660524851024       h
    0.48116047340124    -12.02871351897471      3.93888937837889       h
    1.44878558422087    -13.34863320103115      6.79914023817306       h
    5.17486872117268     -8.72765789327367      6.31654268675453       c
    7.56355143526048    -10.04426825578701      5.60841453800400       c
    5.43420421175354     -6.84179468819462      7.07734073611904       h
    7.25517246535839    -11.89735245835050      4.78018919601033       h
    8.78074079508760    -10.29804420800507      7.25744932661876       h
    8.65738469915024     -8.92691129785840      4.25830042412948       h
   -4.01522090426937     -7.21493482043569      3.68393532480312      cr
   -5.69191027874601     -8.90589221293526      7.35869462868922      cl
   -3.97474134472449    -11.09094280081873      1.62798566997086      cl
   -4.32312577949632     -3.06288250233889      7.44635476328463       c
   -4.39425412730406     -3.52785771842336      5.14521313939504       o
   -4.42314424551220     -0.73311080977128      8.40013102480890       n
   -4.51366601327103      1.47009217772383      6.78273272282970       c
   -4.26709292862006     -0.31517724734174     11.09854140667228       c
   -4.21353015279308     -4.57893001517655      8.83310326127844       h
   -4.74259874516560      0.86025919512962      4.84208526986308       h
   -2.77075227979484      2.55736504963537      6.95826021143769       h
   -6.09485678824383      2.67711402710631      7.31438077004323       h
   -4.11682568972176     -2.11401499607495     12.06975942292364       h
   -5.94137162468519      0.67908073379822     11.77264038632675       h
   -2.59695100739397      0.79694423037498     11.55469620771611       h
  -14.00636657317107     -4.98859396579327      1.03823414307115       h
  -15.05653360170252     -9.58997188656938      2.50664242065437       h
  -12.38163697914664     -5.81091447377178      0.07389494033595       c
  -13.36041103124127    -10.16343197291300      1.48598022460178       c
  -11.57581254503444     -8.09728518088147      1.34481836098228       n
  -10.83365859063938     -4.47190903479487      0.08158186747659       h
   -9.26081172834523     -8.31229746203792      2.32756106404299       c
   -7.66435105323057     -6.59365239320611      2.26126132078271       o
  -12.50848215380124    -11.75086291429574      2.46611555743781       h
   -8.84528434995570    -10.12423372173242      3.20907495831796       h
  -12.91535746632476     -6.22846281039067     -1.87143394760183       h
  -13.91135333639376    -10.77519127622947     -0.40308098693386       h
    2.61182502482231     -9.15760494654880      0.52218480042174       h
    4.92268137458461     -5.16205515618493      1.72180700056024       h
    1.56912592519519     -8.11577352475085     -0.90839696305342       c
    3.93023032645024     -4.24521669424251      0.16679498095126       c
    1.51102675689731     -5.45930980030077     -0.22115101507552       n
   -0.33952468340993     -8.84820425263692     -0.97679220651208       h
   -0.62269680519171     -4.32877851340914      0.44532397304759       c
   -2.76190539613548     -5.29903015241985      0.39145760051691       o
    3.66242763719604     -2.26216836487376      0.62618176235312       h
   -0.37240173992147     -2.35477693046434      1.03508339606327       h
    2.49757466813078     -8.33153001880058     -2.73400749377312       h
    5.07888335281031     -4.38359699078028     -1.53516829882632       h
   -0.59992323743814     -7.20042789394924      4.62802590945794       o
    0.54017298372126     -8.00203140539479      6.87460427511883       c
    1.70108952486309     -3.42101658428263      7.57050214717977       c
    1.17841905180374     -5.79450216767521      8.56994246029936       c
    1.56338107277970     -3.17573714241636      5.54938336174260       h
    2.35385548132193     -1.41553611362376      9.12835734998358       c
   -0.75560747284220     -9.22272574966207      7.93209848635951       h
    1.27394498453874     -6.10144960024124     11.18004923476281       c
    2.77902454409672      0.41396009339365      8.31314318540306       h
    2.46717347555401     -1.74840922655146     11.72848169039398       c
    1.90761035418345     -4.10066363640431     12.75120742997463       c
    0.84727721575003     -7.93574202443240     11.98184324270006       h
    2.97715092082105     -0.18829843949965     12.95000894355362       h
    1.97285502117717     -4.37680193246896     14.77734641708818       h
$end
