$coord
   -5.61782027973230      2.18023250664897     -0.19942338613257       n
   -5.03651799495995      0.31401582936641      1.38152638311274       c
   -6.78995068986913     -1.47863841364349      2.19717524482324       c
   -9.24547651560994     -1.30489475475641      1.31602622061070       c
   -6.23161914761727     -2.95841105442577      3.48273030628386       h
   -9.86996101680213      0.62881838073349     -0.32922132068683       c
  -10.65606687001773     -2.66079533998399      1.90468277671516       h
   -7.98447354708822      2.33236393668364     -1.03366376834533       c
  -11.76379928088824      0.82597228862470     -1.05623203468117       h
   -2.33805216372029      0.24891758910512      2.24479631527386       c
   -0.70457066718687      1.69502773756519      1.59827622020523       o
   -1.91997117009561     -1.68466614963475      3.89033122859780       o
   -0.14565271079100     -1.57638235509095      4.33479803999176       h
   -8.51306646448743      4.48064577882443     -2.80461170026710       c
   -6.99836296847939      6.03159215056751     -3.49589573029567       o
  -10.96949192698409      4.48977399062819     -3.57085334291411       o
  -11.12784842601770      5.92799752643587     -4.69510183518461       h
$end
