$coord
    3.25086171323035      0.03469908755847     -2.67207803362191       o
    5.11717052639739      1.22308661101685     -1.07738435750650       c
    5.58802240153651     -1.21721301771732      0.38021062536470       c
    4.31300349014485      2.77864420142090      0.01554165379188       h
    6.71710772070277      1.93603409435211     -2.16970021472364       h
    3.58514227261796     -2.39794829511051     -1.37448381229092       c
    5.06955037148661     -1.17163322771486      2.36752228455792       h
    7.47348364324471     -2.01005969686267      0.18829498227327       h
    1.16059731586742     -3.19426201675408     -0.09925694986470       c
    0.47453484058785     -1.71352411837758      1.15232226789418       h
    1.44844563856890     -4.90546079653708      1.01228563188272       h
   -0.29904776737684     -3.57630845388233     -1.49994239850295       h
    4.56129851562644     -4.37237437709556     -3.18799412102052       c
    6.28510301811351     -3.72922937305301     -4.10718839824139       h
    3.16364906296073     -4.76198271586574     -4.64841053822592       h
    4.96831280102150     -6.13461256071737     -2.20038948514742       h
$end
