$coord
   -5.83875616724079      6.03104619764501      3.50766084621101      ti
   -7.19730138549252      4.37903452532619     -0.30605566986144      cl
   -8.70891180318418      5.43306562838960      6.83250885179452       c
   -8.92139290597695      3.28121365782329      5.27165137580944       c
   -6.60502877309807      1.98098131112438      5.32009029578564       c
  -10.52359098155093      2.79604715807829      4.11898848300722       h
   -4.93647103004688      3.30913929343045      6.91514631411724       c
   -6.25386454303297      5.42062637614122      7.88235550368483       c
   -5.50841350612624      6.80458570171944      9.17024642146801       h
  -10.16520391854021      6.80830679517200      7.19343131355006       h
   -6.14819175659791      0.33814750467940      4.21093085746393       h
   -3.01029279003482      2.79994386980776      7.33191664337735       h
   -5.52961740141850     10.27637488154673      2.13791466806235       c
   -4.91915175087008     10.26006372205423      4.72662646627925       c
   -2.69064303003112      8.83063270781960      5.03868920146873       c
   -5.99662671623132     11.13839361009985      6.21336321069549       h
   -1.93006526763579      7.93394986638438      2.64821207442497       c
   -3.67915136395994      8.85386855996214      0.85203823003221       c
   -3.67153351376338      8.44065416456363     -1.13554060883783       h
   -7.15995378921291     11.15452147343229      1.29291477094768       h
   -1.75837433489938      8.43777910165464      6.80302681062053       h
   -0.30308901739517      6.77441412799089      2.25923364077183       h
$end
