$coord
   -4.37890677873762      0.30483887566549      0.55283448732948      sc
   -6.45631900772975      3.71219440296961      0.20683075691703       n
   -5.30654492497672      5.99289090383175     -1.79084916376789      si
   -8.98951500994494      4.07072125744797      2.18894044686599      si
   -0.45360486643286      0.50446130847326      0.97795286557033       n
    1.38333002894013     -0.42172985341630     -1.53055472875688      si
    0.72280697919203      1.61329045761731      3.78997363182954      si
   -6.08951768670767     -3.31862280601925      0.45050570038083       n
   -8.09312205678684     -3.92979677372263     -2.01674680891782      si
   -5.15910614507770     -5.49841495983284      2.66285003790146      si
  -12.10148332109405      4.36557528334701      0.44352694337663       c
   -8.70546279976230      6.91732710205871      4.34161849254344       c
   -9.36126702185505      1.25289197008693      4.34380121665421       c
   -2.41760690257618      7.58504284355653     -0.43314624388808       c
   -7.64047671694694      8.59936780663648     -2.57713264229959       c
   -4.36426710270644      4.64809763908451     -4.95864039094521       c
   -1.75796092348997      3.36793008078867      5.66605325315655       c
    3.43289543752478      3.92100959998263      3.36401821174549       c
    2.00036348331018     -0.97690957258275      5.89923865031451       c
   -0.44669205237356     -2.42083590722682     -3.85412513809538       c
    4.20448648024516     -2.40399609221753     -0.54800602753905       c
    2.73574345085811      2.33148061148546     -3.36909000163795       c
   -8.28721373902006     -1.15775953663475     -4.25159071345620       c
  -11.46087627196785     -4.54853870557375     -0.96933110730588       c
   -7.07570705788249     -6.72781831475071     -4.00563547293856       c
   -1.93687308136418     -6.84042607061733      1.92198207589519       c
   -7.38034583661019     -8.28992013397277      3.02522989537511       c
   -4.95924728831625     -4.08025936888166      5.93024832396998       c
   -2.84957195428202      8.51159409373047      1.35615501387541       h
   -1.63963315942735      9.00353446469636     -1.71345429475175       h
   -0.95251438885582      6.18772125251212     -0.07284268812336       h
   -8.33543418036718      9.59316682713537     -0.91416740822404       h
   -9.27204224151378      7.86121796088968     -3.59377423582686       h
   -6.73295376772406      9.99515263028520     -3.79617015614854       h
   -3.08676655010379      3.04890492135018     -4.74221344992679       h
   -3.42049800069087      6.06728829955118     -6.12490370384916       h
   -6.01240025458352      3.96612226510195     -5.98602320678164       h
   -8.56527461060505      8.68172710530668      3.28954647902392       h
   -7.01756586794733      6.75757203740028      5.51111783128156       h
  -10.33204488303235      7.07142024722305      5.60243278628798       h
  -12.16919768537751      6.04855431599570     -0.73790851857077       h
  -13.68982066129499      4.45697869470490      1.75796690896638       h
  -12.39808132829143      2.73515344553549     -0.78094489470815       h
   -7.84901731135720      1.15578851090953      5.73558750963580       h
   -9.35282623568482     -0.53241540852152      3.32032032947181       h
  -11.15075246002599      1.38513035365859      5.36931770328531       h
   -6.53686460465036     -0.89807541216789     -5.30112549129305       h
   -8.67165498762034      0.61286571903019     -3.27571779459598       h
   -9.80163549931762     -1.46499440187372     -5.62373790252763       h
  -12.18245095353526     -2.95588293109281      0.12076230143905       h
  -11.61315206375470     -6.22750726171625      0.20983070971205       h
  -12.70808094146455     -4.80819130066040     -2.59316204995780       h
   -5.19701295755569     -6.40218811286559     -4.78417359579604       h
   -8.36781568057833     -7.03211387500182     -5.58570349557356       h
   -7.00096211000647     -8.47509847138878     -2.91866653324428       h
   -7.65360535368200     -9.34276870753225      1.27798625658605       h
   -9.23355796807235     -7.68562247791691      3.68954160855847       h
   -6.61926581033886     -9.60216538042312      4.42401140260599       h
   -1.91517676371133     -7.76673149617165      0.08148295251950       h
   -1.32955045948843     -8.21609159424621      3.33458097760281       h
   -0.54377985566774     -5.32786280677956      1.87406071065864       h
   -3.79570811751398     -2.38279798936714      5.93761671343127       h
   -4.14451601315175     -5.41716865068611      7.27739137300913       h
   -6.82387082634845     -3.53807120439095      6.61322345778214       h
    3.61813887295920     -4.11373618689945      0.43746704702938       h
    5.47778456326665     -1.37273941102067      0.70034216934910       h
    5.29483141032302     -2.97825774029041     -2.20303289112252       h
    1.24866967742965      3.59042232580066     -4.02886061427826       h
    3.78557020911876      1.67654316671214     -5.02144443482590       h
    4.02026421946055      3.45125588848218     -2.21407802886107       h
    0.57398519624879     -2.41015456384622      6.27696373014922       h
    2.62375829624414     -0.21525779953191      7.71379364871391       h
    3.60902501024599     -1.92467321558126      5.03181902878118       h
    2.85928154698211      5.56299893234062      2.26275659441342       h
    5.03875376986334      3.05836128484993      2.40499500697364       h
    4.09967394267111      4.59789418737583      5.19573516213583       h
   -0.88340644695735      4.35512558616861      7.25813761855142       h
   -3.19967674643196      2.11147317019708      6.42621520309728       h
   -2.72211048889042      4.76569299359214      4.50723071983719       h
   -1.45920056478695     -3.93702012889336     -2.90594473720539       h
    0.83686083543546     -3.27119426985348     -5.23351129604261       h
   -1.84157914814371     -1.32096180744236     -4.89330771223769       h
$end
