$coord
    2.37193849767669     -1.01582605066353      2.76693332530041       c
    1.31494241701558      1.04738585066948      1.75428138997620       c
    1.80338837513883     -2.88849241771195      2.17896684438006       h
    3.82257286145138     -0.93050730238898      4.19889553738930       h
    2.06992060301979      3.60486105653071      2.53609305181499       c
    1.01207551093583      5.66805981755026      1.52430068862093       c
   -0.43932162415185      5.58272489972004      0.09311242985549       h
    1.58058693577505      7.54072740297901      2.11230031618411       h
   -0.69199927266673      0.77258187580323     -0.22912398520117       c
   -1.06428825507279     -1.20728408398892     -0.62607892158502       h
   -0.13677717718183      1.67819977768939     -1.99424864479816       h
   -2.46255820026527      1.64270138535055      0.36424220984625       h
    4.07755669699399      3.87967556788244      4.51879381449420       c
    5.84740296494497      3.00799704674505      3.92564960778832       h
    3.52209730214479      2.97560221857079      6.28465524963459       h
    4.45116070459693      5.85956016983131      4.91441732420840       h
$end
