$coord
   -0.50620960818331      2.05804997827206      3.07354574840502      zr
   -0.87980843440729      1.64988774753652     -1.85322785296115       c
    1.27187896065445      3.11039234301665     -1.29242730817941       c
    2.94364553653252      1.47640046984273      0.09336768644022       c
    1.53199210499035      6.48190071778053     -2.25672701133272      si
    1.75239904070935     -0.90345072216698      0.37994107319716       c
   -0.68100984290220     -0.79497620704665     -0.82508241736577       c
   -3.28466890774511     -3.14282145746023     -1.10110659661963      si
   -2.54042680421068      2.36841053264735     -2.78210868577670       h
    4.83294459412323      1.93324259511157      0.70253299245368       h
    2.58972525777692     -2.54625696476600      1.24578881713625       h
    1.07965651383680      1.73600140994614      7.17149333446682       c
   -4.75429902695886      4.10013717764791      2.37653566400527      cl
   -5.44444588927998     -2.18292275973926     -3.74540560623063       c
   -2.04664508306813     -6.40714755329299     -1.77024496590380       c
   -0.80071850712251      7.12975473244098     -4.84792428658689       c
    4.79456238220895      7.27064088253673     -3.42685181929005       c
   -1.18860125343994     -6.45762377777887     -3.64192098919766       h
   -3.56846354793916     -7.79531622712574     -1.74800248203254       h
   -0.61861669130558     -7.03188148800324     -0.42982420842996       h
   -6.29619576999466     -0.34493707994502     -3.38397866767788       h
   -6.97818673667363     -3.54158710055816     -3.95913987889198       h
   -4.44579249985529     -2.07949701681399     -5.54232481914984       h
    5.16988481246237      6.26499494534355     -5.18457284560969       h
    6.28248676206571      6.75837554255541     -2.10375825100433       h
    4.97536930304535      9.28584888905710     -3.81399089529184       h
   -0.46045743205325      5.94052707727325     -6.49315199288717       h
   -0.68215368914025      9.09345853498091     -5.45907274791965       h
   -2.72938034917198      6.79813673919628     -4.21148142573594       h
   -5.18069674551085     -3.03527730344094      1.93700209541764       c
    0.61110316920522      8.49753404311692      0.55817787616379       c
   -3.12020106244846     -2.20762249518780      4.58987711628629       p
   -6.30860574404993     -4.72806646890066      2.25211944928093       h
   -6.47841773751377     -1.44648244424436      1.73452546036244       h
   -1.20189716222672     -5.15201452579264      5.03201247616024       c
   -5.17210884949551     -2.03336453738925      7.48402967638886       c
    1.45358110283888      6.88152336446339      3.49972908077163       p
   -1.44878529073134      8.57458595534355      0.54593589676768       h
    1.30734785871907     10.43110114600601      0.43797655827664       h
    0.35269914165029      8.95260029145126      6.16692745999409       c
    4.98531125510881      7.15330652642617      3.55721036193109       c
   -5.76699261240797      0.69944099908139      8.15691857007052       c
   -3.99046086611181     -2.82689232559314      8.97995941381650       h
   -7.59516965070945     -3.57126565763525      7.30390544056086       c
   -8.86382388401610     -2.77899032631110      5.89236685754849       h
   -8.58461952906179     -3.52132510481405      9.11198878398517       h
   -7.27239597074148     -5.54046546158497      6.82641694911364       h
   -4.06237193736806      1.80806259470495      8.42787180627312       h
   -6.86099084255026      0.77163380356556      9.90315451007151       h
   -6.85983514536372      1.61487079842514      6.67823461267172       h
   -0.26021652151997     -5.32897564276981      3.20806393608068       h
   -2.70016957566986     -7.56043180843219      5.49006709934157       c
    0.84198116717210     -4.81507954057795      7.02106263643523       c
   -4.18410372295771     -7.85237754439380      4.09994870754589       h
   -3.55787523148936     -7.56593578945384      7.35972386603148       h
   -1.44324558684921     -9.19235986973900      5.39702012317726       h
    2.06535271997433     -3.22754669929321      6.59374134046537       h
    2.00264513812698     -6.51460668254545      7.13226614896019       h
    0.04644638804086     -4.49921641389408      8.89317701181325       h
    5.52656377081584      6.17596936273678      1.82620027678989       h
    6.12992658905949      5.70014574810043      5.75418746930950       c
    6.02942594416438      9.82636038327038      3.42537842614703       c
    5.24407248717255     10.91001398828718      1.86638159081023       h
    8.07351123068358      9.76557484207680      3.16146296176030       h
    5.67525772469745     10.85509406485818      5.17064943453127       h
    5.56908763450088      3.72919269563058      5.73217020905101       h
    5.56491420323186      6.48537407533459      7.57105309502198       h
    8.18696382122764      5.78964777631813      5.66379022944708       h
   -2.10304071312938      7.95956130965843      7.28841297401376       c
    0.08135370595634     11.72828381131442      5.46642912094794       c
    1.83760232931479      8.76662047620858      7.58959532518143       h
   -1.44606925163903     11.99730775377678      4.11561193821014       h
    1.78644799948738     12.53200700752183      4.65676943758964       h
   -0.38899405318994     12.82488639311534      7.14770147715842       h
   -3.63022749102617      8.01741439855716      5.91590570496902       h
   -2.65232535489053      9.10968398794112      8.90910516671561       h
   -1.92415231501465      6.01569520249260      7.91793953702652       h
    2.90432868598794      0.77803205992203      6.93338752979944       h
    0.02339830139866      0.56851093144397      8.50314071467724       h
    1.51130766538709      3.49295295746981      8.16003393940818       h
$end
