$coord
   -5.77811819072656      3.04698211289497      0.65446770613608       n
   -6.14452767168774      1.58354857860066      2.67745435449119       c
   -8.11862896142324     -0.15991006780376      2.82858757260771       c
   -9.75385899539905     -0.38541192975886      0.80201840363433       c
   -8.39660038876128     -1.26785022476795      4.52215753922531       h
   -9.36651954111789      1.10757141427607     -1.30828113670786       c
  -11.33072980763272     -1.68434252870461      0.87989058562221       h
   -7.34766910547475      2.80557426023407     -1.30676463881504       c
  -10.63641941388174      1.00698832623870     -2.90522849115560       h
   -4.34514940640263      1.87151126121588      4.80715093177590       c
   -3.62963217568395      4.22177380672851      5.41108729138338       n
   -3.45459472330305     -0.24821725043291      6.09876545439515       c
   -6.86660133248525      4.43211411159829     -3.53806908866814       c
   -6.21375288982128      6.83686245174930     -3.10046632456335       n
   -7.09144203520714      3.45468113734698     -5.97690308699268       c
   -1.77417158966444      0.07923669194872      8.07664768519206       c
   -4.03046377848739     -2.12339226417911      5.52671074276444       h
   -1.03532505578029      2.50848727418053      8.71243575308019       c
   -1.04005241918592     -1.53766536624835      9.09036413627196       h
   -2.01967165942339      4.50318484187953      7.32061714846443       c
    0.27475331893037      2.85685885367645     10.24197427615825       h
   -1.49022441330317      6.43307518473922      7.76423466721317       h
   -6.62881799499091      5.01818298579130     -8.02255775412421       c
   -7.56928232597828      1.48855337994679     -6.26222939392582       h
   -5.96150613525562      7.50986221676931     -7.57804754744275       c
   -6.76862227558685      4.29594610341174     -9.93037736236151       h
   -5.78286804356664      8.31511467248512     -5.08710421494274       c
   -5.58111474415962      8.80086329869351     -9.11613649159608       h
   -5.26912224920777     10.25339529039425     -4.66199281673262       h
$end
