$coord
   -5.12485058657896      6.24786591747563     -3.15433430350909       c
   -3.41984288047537      6.64213052007917     -1.12369779238545       c
   -1.06769558991416      7.49573604095350     -2.10440422238341       c
   -3.81057337965798      6.26267491684672      0.83565936329391       h
   -1.29346388060184      7.53371353742117     -4.76088944556476       c
   -3.79687859715773      6.79326143584921     -5.44565256904779       c
   -4.54175491734615      6.70864663695410     -7.33299762587513       h
   -7.06311812717979      5.65810607792783     -2.98922011859254       h
    0.61282371389738      7.87756812117340     -1.02794799966891       h
    0.20601952838736      7.94066349659472     -6.07232702354098       h
   -2.03594133838450      3.53574049702204     -3.63230487827741      ru
   -5.60254528548708     -8.95150557426191     -5.33288611949264       h
  -13.80096730464425     -1.01797539010029     -4.78552972530916       h
   -3.08073894344836     -1.34740367552251    -14.18319741390552       h
   -4.25827830022335     -7.42976808484009     -5.09292371069626       c
  -12.11133477693596     -0.58645400724682     -3.71816212043451       c
   -4.14881134883122     -0.26261942073989    -12.81922590943299       c
  -14.04635555419084     -0.35350974550221     -0.16398010688153       h
   -1.07898331204608     -9.89933248390508     -4.60544269536858       h
   -6.12980728824368      1.88759780696922    -15.62785979136133       h
   -7.06492352913778     -4.55991060843906     -5.47925995457300       h
   -9.72553297641089     -0.71938132719819     -6.97368876766490       h
   -2.45604296020598     -2.10983431790514     -9.64177609763772       h
  -12.24815139681853     -0.21577137678344     -1.12760160594484       c
   -1.72203413187404     -7.95931684376470     -4.68039030509402       c
   -5.85523892699666      1.55317468510266    -13.62962486186533       c
   -5.08261137911310     -4.94650655190565     -5.17910998672283       c
   -9.80619262170102     -0.41252413189693     -4.95733679922611       c
   -3.79500813364871     -0.69968973719201    -10.25886280373225       c
   -7.20798278072477      2.94651666389949    -11.86350759529464       c
  -10.06360957483628      0.32057841139019      0.22348035626454       c
   -0.01955151331836     -5.99337165319643     -4.36023522206148       c
   -7.61193829487814      0.15446067740812     -3.61497649530005       c
   -3.37335370920975     -2.96555392434512     -4.86524993593451       c
   -5.14853019235973      0.68582160453145     -8.47976549367942       c
   -6.84584344471947      2.52637272832297     -9.30572173181791       c
   -7.76022293056333      0.51022685549576     -1.00745986947958       c
   -0.83428039304640     -3.50294528247878     -4.44573562504126       c
   -8.54764352922793      4.36300943164787    -12.47993530860184       h
  -10.15002619229467      0.59203632144468      2.24797283982818       h
    1.95736263421103     -6.39017491187880     -4.02530140610883       h
   -4.48356025878864      0.30881942222367     -5.11235309345778       p
   -7.91627897051918      3.61526999592588     -7.94743092496171       h
   -6.05977998316373      0.90972174290979      0.05087344114680       h
    0.49571930929111     -1.98414101926674     -4.19323462014115       h
   -1.11747736888477      1.06026638942476     -0.02617887354976      cl
    1.02787271480603      2.28762982277827     -6.63591224068243      cl
$end
