$coord
   -1.11409332087068     -1.48507057281040     -8.98920790288743       c
    1.43365700098957     -0.66249123185863     -9.21573264748513       c
    3.02336298612374     -2.76828807162453     -8.73132541072993       c
    2.28232489665815      1.90477142914595    -10.00132148992560       c
    1.47203450896443     -4.87488322026677     -8.17613370471073       c
   -1.09666237631886     -4.08762538100660     -8.31804684570196       c
   -3.35473153390450     -5.74889692547240     -8.04731835750296       c
    5.83485497322716     -2.74395373404727     -8.79981501666236       c
    2.34381973195092     -7.48338549441714     -7.58598965912396       c
   -2.51299759825527     -0.06139329826586     -2.32286544845796       c
   -0.77656109898352      1.90579903266204     -2.88716896583354       c
    1.66308518862449      1.12117440751539     -2.15928170976229       c
   -1.44430734510100      4.44039305338475     -3.90509709941544       c
    1.48185224604318     -1.42916897476869     -1.18024518427711       c
   -1.17362984611096     -2.09188462459717     -1.24014964225944       c
    4.03086109961928      2.62794897204511     -2.37580258174229       c
    3.31457187501666     -3.26960773487367     -1.98562989191394       c
    0.72658449376995     -1.86135614137533     -5.01630616645935      ti
   -3.40266719840388      0.05342751113434     -9.55062594452728       c
   -5.30200622150190      0.06588585466887     -2.65372829625665       c
   -2.27629027402246     -4.52410489349450     -0.34942112696322       c
    4.32014089822466      3.81225118077395     -0.70700222295732       h
    4.00726493331722      3.87775654147930     -4.01019406417454       h
    5.68481789348187      1.41928900447780     -2.54440454887676       h
   -2.88404836082793     -4.39214809588542      1.62144556164752       h
   -0.91162433168702     -6.05815271733840     -0.45030024340267       h
   -3.91819752063512     -5.08073452722629     -1.45751294670759       h
   -5.84146965395833      1.34407500960345     -4.16857148863878       h
   -6.22099367673644      0.74420933846411     -0.93366362531819       h
   -6.10674866677026     -1.77928448474614     -3.07514461692523       h
   -3.12364376446459      4.37856469543140     -5.08760494401235       h
    0.08085920583999      5.23870190717677     -5.02942909761495       h
   -1.82727070153460      5.77415443112310     -2.37647057072872       h
   -3.03001874945315     -7.26690594044329     -6.69811166037577       h
   -3.86414051745890     -6.63335659813621     -9.84434864549934       h
   -5.00143903617661     -4.69878406907073     -7.40403506128977       h
    4.24855816367993     -7.49320017171347     -6.81797077935193       h
    2.34679678460477     -8.67282092816503     -9.27453751399898       h
    1.12427499312428     -8.39964275265572     -6.20511812540662       h
    6.59501347558265     -0.92764310438601     -8.20436177669717       h
    6.54193691835633     -3.10076701995632    -10.70723792250098       h
    6.63829028099812     -4.17752761533367     -7.56724981007692       h
    4.11065371338222      2.38384873712235     -9.19104728477749       h
    0.95268178111679      3.36072480920921     -9.41962434086604       h
    2.47097568899522      2.04268674425461    -12.05368142274506       h
   -3.09024668345133      2.05282594217140     -9.19204424528585       h
   -5.01896115308990     -0.53230393085023     -8.42440243998306       h
   -3.95149511238001     -0.12682410576325    -11.53338418162916       h
    3.07913211367036     -5.21187054552090     -1.38408272999222       h
    5.28065899215138     -2.71162369049568     -2.08851782649423       h
$end
