$coord
    0.86410163975267     -0.80289791974767     -5.95747051266950      si
    4.83644605970125     -0.80329930463077     -5.95679498024307      cl
   -0.17981788895172      1.61903739501683     -8.30155999102705       c
   -0.18130696838489      0.01535444800136     -2.68813959708616       c
   -0.18101475709400     -4.04343657615468     -6.88369174257430       c
    0.51362898402775      3.49024583252929     -7.80235022356389       h
   -2.23696838501412      1.71066623395569     -8.38730093390026       h
    0.50995250966298      1.17787234997046    -10.18867529185503       h
    0.50811162061393     -4.54402938590500     -8.75612235670994       h
   -2.23823591868186     -4.16361050834251     -6.91514879544221       h
    0.51232703950342     -5.45835416104562     -5.56130607562866       h
    0.50636256385301      1.87075342624351     -2.12585173648300       h
    0.51303566928321     -1.35234677408256     -1.31746078870789       h
   -2.23854512518358      0.04136498098575     -2.56668895206353       h
$end
