$coord
    3.28973868114239      1.79566065450754      3.37221187900299       n
    1.46597109626828      3.23736477464493      2.35977799358307       c
    1.17725306667594      5.78303284354989      2.92510975632529       c
    2.68991820130592      7.21124470637423      4.53411900300396       c
   -0.30794118166774      2.06843298405565      0.48913606897518       c
    0.70151354911192      1.24493816635656     -1.10045474289246       h
   -1.63613047601382      3.45361648845405     -0.22739807638876       h
   -1.37068965546128      0.53944261560520      1.36232343908614       h
    2.26803761923794     10.00233396715722      4.68327953787421       c
    4.04938038535816     11.01872830690063      4.79368439184109       h
    1.19342529218896     10.49139068908782      6.36794341979869       h
    1.21657243431346     10.67154054214839      3.05585062907530       h
    4.51350957785489      6.15253442806767      5.90929595828522       n
    3.72544793022623     -0.67295938159374      2.35846576471921       c
    2.53671700241976     -2.79927919591676      3.39194470457566       c
    0.62061710486837     -2.62228296831008      5.46625090003045       c
    3.06109936705725     -5.15312384508342      2.32811061190758       c
    2.15027798724569     -6.81278210627603      3.10253460509315       h
    4.66307432031307     -5.38649936053895      0.27878331073652       c
    5.02865496396476     -7.22658004618927     -0.53016773556810       h
    5.78544625646677     -3.25404012116836     -0.75461825390051       c
    7.01237755078623     -3.43616615980965     -2.38044223856568       h
    5.34244206250769     -0.87492635047465      0.25750989104914       c
    6.45562595994004      1.41953368851906     -0.96575983905329       c
    5.97250074219301      7.56417805327643      7.67768976571168       c
    8.45233889016420      8.26947993282932      7.03436121122329       c
    9.47152855898057      7.97187719675558      4.40954173691544       c
    9.92933812327607      9.44753948760855      8.86440973001586       c
   11.84484189232916      9.99276506800255      8.39948113405178       h
    8.96657098399930      9.96614738650840     11.23875791863569       c
   10.14023157284768     10.87922206879815     12.63926001024809       h
    6.48705715512120      9.34912192606063     11.81151479039826       c
    5.72505478368494      9.81757254476308     13.65035928266612       h
    4.94066940805734      8.15434854285116     10.05748559027978       c
    2.23150998240502      7.65196577197985     10.69177974759459       c
    5.54607885513409      2.65716993943645      6.09612292277244      cr
    1.13182502289222     -3.81285683785443      7.06597305293630       h
   -1.20778985522471     -3.29747869270032      4.80070344821687       h
    0.37642426500330     -0.70955645833677      6.15286518631634       h
    6.97722644288156      2.86136337337839      0.39968400505565       h
    5.10421872463597      2.30732289428508     -2.24510451094679       h
    8.11268039289863      0.93719511170641     -2.07802843317544       h
    9.57812703299207      9.80841441426458      3.48098160809806       h
    8.28371215426858      6.78560601481905      3.22969268700284       h
   11.38114440749377      7.20922066010479      4.42073102696192       h
    1.37114015922070      6.26905455887015      9.45003113678636       h
    1.13036966312130      9.38743326475368     10.54021671838250       h
    2.02315932133176      6.99688703206935     12.62368428689884       h
   -0.30630771356305      6.77521975319925      1.94462524846711       h
    4.25742947156784      1.23361847090318      9.37604110249644       c
    6.31013728621883      1.27707919053087     12.32105777443763      si
    3.79501472250498     -0.72931329085034      8.94384369106969       h
    2.46216405778881      2.18816595113770      9.71307997775030       h
    6.72581978977320     -2.08296975063226     13.42283370459938       c
    4.72824353811549      3.04361853432513     14.96589928127908       c
    9.50723057617726      2.73647333154175     11.79615822639351       c
   10.71979530303131      1.56992710132227     10.61976836121188       h
   10.46260639052169      2.96638842515073     13.60621240222541       h
    9.38546682731401      4.60151281612446     10.94059244058459       h
    4.90905762588007     -2.93017926304777     13.89496908607606       h
    7.88294391313447     -2.13716701036658     15.12634582564856       h
    7.63186002543884     -3.30047324141256     12.03565716027812       h
    2.71889075218917      2.62306369342376     15.10317646804839       h
    4.95753050415173      5.07548518586209     14.78584752504656       h
    5.59193065530566      2.49673045677600     16.75453886262058       h
    8.67979121574213      0.27321786012400      5.76185731235332       o
   10.74039174622634      1.16447177234816      4.19223501899755       c
   13.16154104127233      1.60069003916224      5.61663916341776       c
   10.05024631533500      2.92638895266361      3.39461300464741       h
   10.98165995516631     -0.15200875369599      2.63301290066596       h
   12.90760531773916      2.96632611418553      7.12919479501913       h
   14.57351610774039      2.33879589994073      4.31401320708783       h
   13.92140237394352     -0.13142325103242      6.41948364574047       h
    8.99571562808757     -2.23642474149941      6.85428268506079       c
    7.14553652674870     -2.67863587471620      7.60836823096127       h
   10.30429238814384     -2.07637057298315      8.43231685247983       h
    9.81635097290364     -4.23398306243031      5.00888006140089       c
    8.57925164078271     -4.30660309978102      3.37502744210479       h
    9.70573493737318     -6.05512145659580      5.96039069603425       h
   11.75833053907810     -4.00247972701488      4.37937589364890       h
$end
