$coord
    3.57503857569258     -0.34669519603726     -8.23059268070391      nb
    2.94402952867963      1.13551535574464    -12.43709317042828       o
    5.02662407666368      1.19501070322786    -14.17541136277035       c
    0.13058337544648      2.01751251515775     -8.21117614635390       o
   -1.99710934323384      1.43961187074763     -6.60224916218885       c
    4.33619044883684      1.69513321935551    -16.05123776253612       h
    5.80555849200187     -0.69757940077315    -14.19302169762553       h
    6.45003364000479      2.53760344456964    -13.54397763712883       h
   -3.11597727134469      3.14569563460337     -6.33961918664340       h
   -1.22609009223607      0.79875641047653     -4.82002666484773       h
   -3.14090365260653     -0.04243301752396     -7.45909738574480       h
    1.68022524566887      3.50042478613612    -12.19037579296956       c
   -0.63234762650379      3.04297232216344    -10.62091799657702       c
    1.10078918559651      4.19754375361743    -14.04663286414410       h
    2.93390887867675      4.88131530298539    -11.30893247721962       h
   -1.88774889203521      1.69058660834911    -11.54171698551597       h
   -1.64546935983092      4.80926572337523    -10.29940718785226       h
    3.16122191303029     -1.55517903592882     -3.92875674955620      cl
    6.76436023580894      2.81758830193171     -8.16962571104659      cl
    4.24820614350618     -4.23351100054676    -10.28549764058025      cl
$end
