$coord
    0.04012754238371      2.21667438478810     -2.80358656662731       c
    0.49974223642856      5.00989232172477     -2.35259569508209       c
    1.39391333396330      1.39383391518336     -4.12816105711954       h
   -1.82836965436745      1.93978551022312     -3.63499989013489       h
    0.01431912618673      6.14761775692153     -4.01057773043885       h
    2.50174113225060      5.35634258761329     -2.00107226400489       h
   -0.36524000354369      4.03303872812545      2.12352080014405       c
   -0.98946313255789      5.81530402116300     -0.03915557712523       c
   -1.70437241607418      4.21151102941178      3.67998113176783       h
    1.50518856128983      4.47155476280432      2.89468472541243       h
   -0.61033366635814      7.78843327873219      0.45105431000189       h
   -3.00546917846160      5.72678374241407     -0.47279872006212       h
   -0.07445387089189     -0.30704631499487      5.63789447626227       c
    0.13652289743844     -2.64821980453996      4.72074959817831       c
    1.56189382780400      0.81712530091792      6.10841185188474       h
   -1.89238109545675      0.49918718947784      6.08765451631534       h
   -1.50880164133404     -3.83381168008427      4.45399569814485       h
    1.96136739014456     -3.53705541180942      4.47830866726675       h
   -0.02467688161551      0.38873085464285      0.65162657438922      cr
    4.58469292943756     -0.15497322795530      0.83990050811978       s
   -4.53147349754495     -0.57963943381428      0.73673537725626       s
    6.32492267328973      1.82741399319968     -1.36015191715258       c
    4.74679450495474     -3.24435356347387     -0.75607441804483       c
    2.56897574465545     -3.71291869243614     -2.54180314256875       c
    0.15864865877324     -3.42408444406145     -1.18496954054880       n
   -2.11390803628178     -3.75580223304747     -2.75529574132761       c
   -4.44886357050607     -3.52623592237848     -1.12637618172134       c
    4.78235509812955     -4.64584273077425      0.74900428121558       h
    6.54951252541375     -3.36577223460950     -1.73078814962725       h
    2.75171263273253     -5.60602206573341     -3.35391802158881       h
    2.58982020518948     -2.37201185268033     -4.09281301339356       h
   -2.12191207654664     -5.60147564181371     -3.68883215310237       h
   -2.08605627164662     -2.31725803313416     -4.21741058213478       h
   -4.54253873677323     -5.05528552385321      0.24655191210415       h
   -6.16017115677922     -3.62273110103652     -2.25518671641296       h
   -6.46078509009076      1.44770053494985     -1.25511632362545       c
    0.11163358785074     -4.76741507038810      0.18361778559831       h
   -5.67323049452310      1.63149491182005     -3.13669005638286       h
   -6.50533888091864      3.28598659799104     -0.35307407299614       h
   -8.36113297678328      0.68125632425578     -1.32966534604194       h
    6.33143649355605      3.71790290918761     -0.57217929764565       h
    5.44381899842742      1.85763273935307     -3.20736538136549       h
    8.25404526302974      1.14181140779850     -1.47648506406518       h
$end
