$coord
    0.64444267326630     -2.06719844985671     -0.40085102671585       h
    2.32920722732096     -2.06965761905224      1.84364323033731      si
    4.78160786272681     -0.94516461929111      1.06146150959339       h
    2.79661101118667     -4.71453761425850      2.65288071317149       h
    0.08270942704075     -0.47227860197315     10.87340868668238       h
   -0.04781559238965      0.23750192287623      8.96001566270984       c
    1.00496408553155     -1.12866578585041      6.98472502191799       c
    1.94505252701575     -2.90152147858804      7.39061014243386       h
    0.85812264116473     -0.25558320693029      4.49840593021066       c
   -0.38940172561543      2.02877766612303      4.05136199163101       c
   -0.55220859310766      2.74989724698022      2.14112692950634       h
   -1.44354650334390      3.39873986658183      6.02034293760998       c
   -2.40492301274687      5.16220225607668      5.63575786491215       h
   -1.27345250902366      2.50436098898955      8.48054767374684       c
   -2.09916800606362      3.56986998665613     10.01847532217465       h
$end
