$coord
    9.88848669324786     -0.86440454863000    -10.82827776475508       c
   11.85219027356677     -2.52212194026527    -11.28403906007582       c
   13.21795345114750     -3.47008433726821     -9.25770775610667       c
   12.58517241969246     -2.73391738990091     -6.82313886168483       c
   10.60332940917162     -1.07200787844607     -6.47308753821287       c
    9.27800507956994     -0.18387038604016     -8.45436488800998       n
   12.30512121164139     -3.06590865868795    -13.19836168919790       h
   14.76277092544525     -4.76603339766398     -9.57295240126050       h
   13.61738640192291     -3.44485119475223     -5.21232599261669       h
   11.15264976297321      4.94547638857498    -10.74052411668080       c
   13.70584972204921      5.25619155171342    -11.20460108165066       c
   15.35370674772617      5.34748474910029     -9.16237175933001       c
   14.42757195100081      5.04516446626166     -6.72401752909356       c
   11.85320188522921      4.73975511288359     -6.39125844123271       c
   10.28607887863111      4.79935204829992     -8.37196737328651       n
   14.40222944056883      5.41270810447118    -13.11788096825601       h
   17.35563882741489      5.59558226641076     -9.47322331998766       h
   15.69064071989122      5.03631686630643     -5.11947636910360       h
    9.12959673203455      4.76166569539206    -12.68853985998662       c
    7.18903385796092      2.74307895048283    -12.12719154863102       n
    9.90812712322324      4.44625220299037    -14.56657622822310       h
    8.10788519952218      6.54472186719001    -12.74172153130298       h
    5.06484631420851      3.20615224906533    -13.90687783710292       c
    5.72894931457619      2.96390848548251    -15.84100613899453       h
    4.37818645748966      5.11413300812635    -13.69060159832289       h
    3.55929532545639      1.87833620959605    -13.54251643457858       h
    8.17813396558763      0.17093237119426    -12.78496159104550       c
    6.53769303722605     -1.06633807800284    -12.92080120686063       h
    9.06687470771172      0.21271767366617    -14.64110768122233       h
    9.62026407458544     -0.25397994856462     -3.98487673968538       c
    8.49958846176478      2.34747527420208     -4.04728750252114       n
   11.05669315806842     -0.36436404046736     -2.51469875101465       h
    8.09736360053505     -1.53164269698732     -3.44832553154623       h
    7.04813323874543      2.59436933258774     -1.65430116884681       c
    8.28002610434226      2.16900731468836     -0.06010952994706       h
    5.48323194357651      1.28553507719770     -1.66274816142858       h
    6.35848741935167      4.50276301483085     -1.45009454241881       h
   10.53886743409359      4.34364003241809     -3.93426977800356       c
    9.60314259113411      6.09463435089398     -3.40165723233481       h
   11.86156720865723      3.87406110601777     -2.43006594572552       h
    6.77812874000381      2.71547707220697     -7.90592487893642      ir
    1.41479195315508      1.61068960430281     -4.24798318610519       c
   -1.05904652243005      1.00591755589683     -5.45661855260827       c
   -1.46273324613876      1.13408853970203     -7.93195092000640       c
   -2.59283291318862      0.44702015191317     -4.22389232562712       h
   -3.31716123197639      0.67660180281891     -8.66415780600516       h
    1.15870174762694      4.75019648331448     -9.77946231062034       c
    3.61644371368231      5.57067268565952     -8.58126559821606       c
    4.03385510928183      5.44061584568712     -5.99781385874019       c
    4.60937484795809      7.06391747998835     -9.57148809566355       h
    5.31107935250332      6.84458760208392     -5.22757517649275       h
    2.06596533804457      4.46137790733050     -4.17721781685339       c
    0.50891645760149      1.89825802352689     -9.79676892550572       c
   -0.12522086044023      1.37239966142167    -11.68003857344561       h
    2.25665315079493      0.82821790132090     -9.44279544568205       h
    0.34408101782920      5.53197796547604     -4.56265701154573       h
    2.59135831565928      5.00152950527593     -2.27145202228722       h
    2.94097667501780      0.61494876215079     -5.25018257250730       h
    1.40708574563001      0.88093097096128     -2.32623753878601       h
   -0.33458432373230      5.75325534785104     -8.76786802827173       h
    1.07075602909539      5.48811886935406    -11.68922924197498       h
$end
