$coord
   -1.36415685999788     -2.30437207295073     -8.24280272056773       c
   -1.87932969150458     -3.69037262195096     -6.01266245660618       c
   -0.88785929873192     -6.16388075772120     -6.30137501004709       c
   -2.85372896024989     -2.98370999021111     -4.37116205811452       h
    0.26532307005494     -6.30031211319486     -8.70433819379186       c
   -0.03543374058409     -3.92081722511911     -9.90314002860429       c
    0.65718385909474     -3.40242437826670    -11.74586206060770       h
   -1.83418199985588     -0.35430681541913     -8.58520069938353       h
   -0.94870840247064     -7.65225361602116     -4.91447969804285       h
    1.22605349526658     -7.92077566899386     -9.47217047014058       h
   -8.88045312414476     -5.75900659049264    -10.86024871882682       c
   -8.67600928791076     -3.83870921042051     -9.01437757466504       c
   -8.12344502347977     -5.02404164415493     -6.67962081474320       c
   -8.95617022192332     -1.84550210458562     -9.31601161422382       h
   -7.96890261086395     -7.66967739306335     -7.08819734850773       c
   -8.44923601241741     -8.12219468595170     -9.67399877242665       c
   -8.48936534117769     -9.93678507803939    -10.59017473447681       h
   -9.32178188410847     -5.48044070601062    -12.82610947875143       h
   -7.86601345329492     -4.07790283828960     -4.89550574538755       h
   -7.60369363908952     -9.08387228873107     -5.67034706058768       h
   -4.38667277210640     -5.71246232652743     -9.39279533115338      zr
   -0.10412434541254     -9.99854121381868    -13.79950050371171       h
    0.99633635416430     -6.97252285238240    -14.64605759227651       h
   -0.46189470251542     -8.37245189911668    -14.99737000387831       c
   -0.37936506226524     -8.95074288750396    -16.96562594426099       h
   -3.95998238883429    -12.37998304240516    -13.32536174903842       h
   -5.49302661424850    -11.88232666452410    -14.58520273638044       c
   -3.56861082548846     -7.00019575255413    -14.18903048805814       p
   -6.98613940193380    -15.63874430117064    -14.65881659656583       h
   -4.72109260221532     -1.74951906012213    -13.69993264724213       h
   -7.21949140596679    -13.71362299022382    -15.30701544702923       c
   -5.75553850915681     -9.39259842092418    -15.41244341922404       c
   -4.39814681580881     -2.03179726130427    -15.70940974343610       c
   -3.79907040869619     -4.44715392133313    -16.55568436468361       c
   -4.57532769717727     -0.03278709784265    -17.39920677807066       c
   -9.25554971130799    -13.07671495430391    -16.83846164902552       c
   -5.04079231280946      1.83857207768518    -16.71871106967430       h
   -7.79940217837140     -8.76897808607561    -16.94645036242719       c
   -3.38548465871826     -4.83978458059369    -19.12859374489426       c
  -10.61519933768446    -14.50232209269801    -17.38532703015846       h
   -9.54290929844935    -10.60209043544596    -17.64702806904411       c
   -2.95924823859300     -6.71409007799292    -19.82662271573745       h
   -4.15732675895805     -0.43730725882209    -19.95452003903863       c
   -8.03212176508318     -6.84923886084765    -17.60383367474863       h
   -3.56642066711311     -2.84678900176140    -20.81753434336903       c
   -4.29486564676355      1.11679448804046    -21.27681075446324       h
  -11.12976574046689    -10.08727629593370    -18.82929278289534       h
   -3.24642367635187     -3.16950786401024    -22.81143329164968       h
$end
