$coord
   -1.15070280121674     -1.40439199804650     -9.01937907733053       c
    1.23739703701465     -0.23801281770675     -9.33500463822438       c
    3.10070185902165     -2.14390014045255     -9.19897832604721       c
    1.74733858608533      2.41461808769802    -10.12077883030025       c
    1.87519249669099     -4.48744131281873     -8.83727697780711       c
   -0.78560717176824     -4.06305923220553     -8.64382684447512       c
   -3.37795526010556     -6.47996838456704     -8.43882394157840      si
    5.86697562999492     -1.73957120159102     -9.48756692354782       c
    3.18972878325096     -6.96891766820951     -8.89967371454003       c
   -2.38071212205636      0.29396817357746     -3.07667526691874       c
   -0.44386895045438      2.07519586928628     -3.52971600684185       c
    1.72803378644384      1.30122454363266     -2.17892089188478       c
   -0.74717178504872      4.56865373962137     -4.78871178443530       c
    1.09449195654815     -0.90745144275763     -0.80371163871043       c
   -1.43169183325532     -1.63427812253563     -1.44018515376607       c
    4.18977430050900      2.66044982174963     -2.07333759872232       c
    2.72237952662210     -1.98294069479978      1.21592764643468       c
    1.03605370945859     -1.98925120049676     -5.14642793631905      ti
   -3.61257306985675     -0.15439966222278     -9.54671284240596       c
   -5.09033968301494      0.73509728800337     -3.69868769546519       c
   -3.21180691061064     -4.52460966727193     -0.38240783100057      si
    4.48719372701285      3.81562739812063     -3.74724017851821       h
    5.76727346001619      1.35004298963529     -1.94175629016803       h
    4.29136621366163      3.91587560341923     -0.43693533116723       h
   -5.33585549625483      2.15211359329636     -5.15688027104280       h
   -6.06578931265240      1.42058807070864     -2.01630162664262       h
   -6.07766362499811     -0.95628593313868     -4.30188273731081       h
   -2.16062143284874      4.54407904348844     -6.27558093139334       h
    1.00697171842584      5.24934080151583     -5.60642887991014       h
   -1.35323446250136      5.97704943517275     -3.40591270529271       h
    5.20309878538853     -6.75764901034203     -8.58256077533536       h
    2.93258100243208     -7.84864903321337    -10.74791315061198       h
    2.48946291315452     -8.26739000028773     -7.48021199975275       h
    6.39939590144658      0.18989235221535     -9.01993066728337       h
    6.46672281310293     -2.08767537847401    -11.43220910173432       h
    6.94371702581623     -2.99209527171700     -8.26786324882520       h
    3.27912186735291      3.27043126508668     -9.04644135050512       h
    0.10125815353111      3.61803707719063     -9.92585707667592       h
    2.30877318964466      2.46656202580333    -12.10594948536665       h
   -3.57696646734405      1.85525639881002     -9.13589219116148       h
   -5.16070227477342     -0.97895436489583     -8.49026843297378       h
   -4.07452157099227     -0.35228328254765    -11.54763844980609       h
    4.68909461422642     -1.46659185518376      0.94961781420183       h
    2.64382736209750     -4.02228895522010      1.30810023547046       h
    2.11905538348242     -1.23484505123738      3.04359327061632       h
   -2.23429288159362     -9.82834504156439     -8.78882650143635       c
   -5.73714009107752     -5.97372149045428    -11.06666355830168       c
   -5.04614264125451     -6.28218112385020     -5.30195144578677       c
   -6.51267088830061     -3.67202887914604      0.65927909746312       c
   -1.67847780672906     -6.16594423559923      2.37420537057575       c
   -3.35397780819797     -6.92264880992117     -3.02082588194916       c
   -3.95135375309526     -8.71523616393178     -2.18948246383694       h
   -1.39107565178594     -7.24287588590126     -3.58850048406948       h
   -6.66355570572904     -7.56213934939178     -5.36583813252442       h
   -5.88542660762604     -4.40839425287267     -5.13821078648564       h
   -6.49667175487287     -2.10107057220996      1.99053406779903       h
   -7.36418696698203     -5.28539329169532      1.61771850046680       h
   -7.75757049214498     -3.15994934037773     -0.89228263587128       h
   -1.26150579236610     -4.90186657242192      3.94100483113278       h
    0.06416695603731     -7.11924685903958      1.84376846161429       h
   -2.97502202535304     -7.60908616192134      3.07120308674984       h
   -4.79921335903580     -5.79281346692061    -12.89116328789006       h
   -6.90529864940476     -4.30354606888991    -10.80317790167965       h
   -7.00396646742293     -7.59505896596056    -11.18244730677569       h
   -1.17705579964936    -10.13924563728118    -10.52412703008716       h
   -3.88940024877319    -11.05636842019742     -8.84668556141622       h
   -1.06932827934461    -10.45364147904723     -7.21670792612042       h
    4.24463367539119     -4.62696196264001     -3.63908540575982      cl
$end
