$coord
    1.00967836495284     -2.68061259522317     -2.21059862555335       c
    2.48038949510337     -0.46079059148771     -2.23542520519457       c
    2.72545499131189      0.39221555945694      0.27526064063556       c
    3.28298317656892      0.43458605024855     -3.89606893926709       h
    1.40617100637851     -1.30041086893651      1.85189207993307       c
    0.34523831652929     -3.19917829782509      0.31547364160310       c
   -0.78390410352529     -4.78295519074821      0.96374638754855       h
    0.48230199303252     -3.79524992649423     -3.84856532912209       h
    3.74973677921281      2.05964575091390      0.88686717843023       h
    1.23619632197223     -1.16503980878977      3.89059405690651       h
$end
