$coord
   -2.75404190174573     -2.75247355611565     -7.76184244880428       c
   -3.26096006148646     -4.40901794160912     -5.72659381544496       c
   -2.00247342154693     -6.69965572979321     -6.20145440309024       c
   -4.39631468320708     -3.98722050129959     -4.09046222703614       h
   -0.75014088767453     -6.49038486270798     -8.53910157488249       c
   -1.19535692735389     -4.02793413448177     -9.50404561625939       c
   -0.40407464041797     -3.23847799110979    -11.20271998855288       h
   -3.42482147714942     -0.84003673814740     -7.93626665240553       h
   -2.00085939511071     -8.32692224623759     -4.99013589734738       h
    0.39132712523782     -7.93134441138080     -9.40314029701880       h
   -8.79756983093428     -4.01750487037641    -12.18307158218477       c
   -8.40316084269766     -2.51245178545483    -10.02664063975791       c
   -9.22713665039024     -3.88984713238130     -7.89404430436461       c
   -7.62954642875524     -0.63069906496192    -10.01110619327677       h
  -10.13234689380253     -6.24755978006094     -8.73213001017269       c
   -9.84808477650751     -6.34420311670347    -11.38209211320550       c
  -10.35067319793978     -7.90016852772100    -12.58612154985942       h
   -8.42124228743702     -3.45845874470251    -14.10022800185906       h
   -9.17759877782120     -3.24634769663745     -5.96317491943999       h
  -10.90022969269375     -7.71143743304070     -7.55427075882182       h
   -5.42483498088080     -6.23342623462953     -9.58893090529245      zr
   -0.25460680472350    -10.02190652067735    -13.47087177842848       h
    0.71906613640293     -6.89636453651603    -14.07052729037636       h
   -0.56334912595836     -8.38343913980651    -14.66311795592805       c
   -0.15947878408587     -8.86223202896999    -16.61864109187993       h
   -3.17294203376763    -12.64022026604039    -15.55916873924782       h
   -4.93097076869531    -12.00579550682589    -16.38036221994039       c
   -3.82774605139390     -7.20552515039900    -14.33352261319551       p
   -5.86126825588859    -15.69650993352057    -17.73230496851085       h
   -3.92104388276495     -1.73712791045788    -13.63193880134911       h
   -6.46007040300783    -13.74614102903725    -17.60218764034338       c
   -5.66024406654326     -9.47962659107854    -16.18513343340362       c
   -3.66792937242018     -2.04484050954183    -15.63626372233952       c
   -3.64019121442862     -4.50582734785972    -16.55731663964077       c
   -3.40785400167820     -0.00598180458194    -17.26569841065611       c
   -8.74793357987873    -12.99911123088224    -18.64367646054783       c
   -3.43838484416004      1.89935112503601    -16.52393628609834       h
   -7.95909472538121     -8.74273246402209    -17.25548830308080       c
   -3.34695861634629     -4.89729557065941    -19.14574615551897       c
   -9.94422453258903    -14.36128235613323    -19.58773830819574       h
   -9.48598943731344    -10.48661497910287    -18.46933361568648       c
   -3.34975769488748     -6.80061654550896    -19.89270507699203       h
   -3.12158753248105     -0.41090505590314    -19.83919082881128       c
   -8.54180757514049     -6.78666818254379    -17.17196823379211       h
   -3.09282481884525     -2.86303634217695    -20.77575293161677       c
   -2.92566532918966      1.17587913951963    -21.11388407468139       h
  -11.25725054675375     -9.87913266359343    -19.29089837585169       h
   -2.87711025643231     -3.19037128587549    -22.78261217769185       h
   -5.98028467232499    -10.66679317573771     -8.45908474709744       c
   -3.55544597119494    -12.14617109113789     -8.94814402149369       c
   -8.02284285056996    -11.93865304076795    -10.05102628588593       c
   -6.70729185553802    -11.03087396032281     -5.69383249982722       c
   -5.27930892931698    -10.33956938941262     -4.38273326254108       h
   -6.98326248807988    -13.04703155233527     -5.25616103663640       h
   -8.47032020206708    -10.08147960181202     -5.20979853211669       h
   -2.97830723608595    -12.03740832262114    -10.92267707984236       h
   -3.82758447863712    -14.16664314915615     -8.52727286163657       h
   -1.96405722577163    -11.52138537636967     -7.80481709283274       h
   -7.70474113787203    -11.73254941628825    -12.07139004772902       h
   -9.91172523073245    -11.23483082765469     -9.64339198509150       h
   -8.07261230638448    -13.98207723980171     -9.66061732974429       h
$end
