$coord
    0.06842078847712     -0.80345068449718     -2.70204045156264      rh
   -3.53315154077061     -2.21052272967594     -0.26939321806131      cl
    2.32047422580744      3.23196781473154     -2.24698624973804      cl
   -2.34960829841623      1.13707895051864     -5.06499347495407       n
    2.44087476990555     -2.09732252604284      0.10397341564615       n
   -2.00037544668620      1.35684167361073     -7.44334115359713       c
    4.62320731747195     -3.03911182773836     -0.31716623488027       c
   -4.46939354748640      2.90625781142868     -4.34591321426784       c
   -4.34468865510807      4.72809611546190     -6.58228841631218       c
   -4.09985255651182      4.24768725323830     -1.85400892542563       c
   -6.93518606392604      1.41783512348377     -4.40694258012666       c
   -2.28397938906203      5.19444766458408     -1.77947834978540       h
   -4.20602776377106      2.91270823768134     -0.30191554863780       h
   -5.60279708462816      5.63464768826153     -1.60839223516973       h
   -7.25008274184659      0.58725755288770     -6.26414073394648       h
   -8.50992109257785      2.67701813701984     -3.98694124044733       h
   -6.89727475071430     -0.08518046200207     -3.01738311332778       h
    2.21925922955478     -1.67233440432157      2.91720639226081       c
    5.02109178258998     -1.62867761062602      3.61468269129395       c
    0.93594823763644     -3.97701368676578      4.07303800243685       c
    0.91272922732539      0.75828884342094      3.64916381008137       c
    1.74715920024285      2.36598747838582      2.69002969939724       h
    1.07919950276164      1.02181808423668      5.68553276707348       h
   -1.08038246289440      0.67429043044966      3.17941669029204       h
    1.99109361367224     -5.69495127063496      3.65625872651580       h
   -0.96462914020324     -4.18206065830994      3.34021385692315       h
    0.84152909613257     -3.75752669353448      6.11880535821621       h
    6.23104012724686     -3.12225309324197      1.64490531657317       o
    5.43072724811884     -2.50315565630037      5.42307536916345       h
    5.82001187077604      0.26711641761966      3.52801285437611       h
   -3.25775592258177      3.22272083850139     -8.61662320301039       o
   -3.07064809824063      6.30860688259908     -6.23756936799758       h
   -6.18063568060153      5.40136935318074     -7.19742611462408       h
   -0.43913365109557     -0.32627851678657     -9.00885631649140       c
    5.48624899921845     -4.15075750095275     -2.71343020394432       c
    5.06586834438999     -2.57328691298543     -5.04160784450235       c
    4.45002867866538     -5.92690923566686     -2.94896759551664       h
    7.45708757377235     -4.65147570898883     -2.49543087660111       h
    2.70900311538189     -1.52122367545157     -5.60423272879365       c
    2.21685072080134     -0.73713125512804     -8.07899174372396       c
   -0.42522666215622     -3.45772333112726     -3.88607191835898       h
    4.18871142883217     -0.54921870228712     -9.83773630754384       c
    6.58894276476404     -1.30190824624447     -9.11517137279882       c
    3.79544172244378      0.40898876452685    -12.47975717400681       c
    7.05482740844145     -2.39631353336511     -6.78422767540105       c
    8.12943317934697     -1.11616981189993    -10.44922167883752       h
    9.66168758987610     -3.37098511100839     -6.23029128097580       c
   10.95041688920452     -2.86161216086336     -7.74675793775781       h
    9.70883150598773     -5.42519695460174     -6.05978542922328       h
   10.43215894809683     -2.59366820902034     -4.48573175826998       h
    2.63334185012401     -0.86560843927842    -13.60950954298874       h
    5.59907408330619      0.59481881175139    -13.44537030320704       h
    2.88907040755874      2.25781750987606    -12.51557922615900       h
   -0.46062805982885      0.39059301440640    -10.92414199486165       h
   -1.39701666641673     -2.15950216848152     -9.04809434861487       h
$end
