$coord
   10.97705368831786      4.40193992743746     -1.67245689162310      ir
   13.84756788350387      7.84066294170455     -0.48696561282305      cl
    9.97593802623674      6.95042320939822     -5.22986921977006       p
   12.84858664396148      8.31221019222324     -6.85714370631663       c
    8.08061855994657      5.61870127196674     -7.88799012419650       c
    8.34949830239500      9.86011036797323     -4.02731980092248       c
   15.16804490721020      6.60914851400182     -6.79436737406871       c
   13.27348301311482      9.94823684929191     -5.67808843744101       h
   12.39214667555919      9.21276609421252     -9.55936463315685       c
   12.21641408858062      7.63274104165243    -10.86262358810273       h
   14.01572907531356     10.32141520808254    -10.17592947523908       h
   10.73172856662753     10.39397501698634     -9.77875145428774       h
   15.79910134550510      6.27126067936599     -4.87678300217282       h
   16.70574096128920      7.53063496265692     -7.81300221957220       h
   14.82875649751190      4.79333687451108     -7.69551735742577       h
    9.74481287706957     10.47833569450739     -2.63801400189354       h
    5.90103167669678      9.32012075395093     -2.60734684004812       c
    7.95757963356564     11.98372781991550     -5.92399812256264       c
    9.72360839885937     12.71862038125456     -6.66531946056250       h
    6.99123557386735     13.55164299371461     -4.99868905605257       h
    6.77801330588879     11.40104444646387     -7.50812089485522       h
    6.01249670530740      7.61104741853193     -1.47581955208386       h
    4.30055583931907      9.14264006047754     -3.88070256715865       h
    5.49731349825644     10.88761786698330     -1.33348842410808       h
    9.39033793530320      3.29025632688014     -8.96890588628385       c
    8.09805621116488      7.08660031207122     -9.33354866826835       h
    5.32962550484138      5.08141164893158     -7.23508986832565       c
   11.31736091837479      3.67559120614779     -9.56275493718504       h
    8.35492185530001      2.62988473867977    -10.62396556828572       h
    9.44110679026217      1.76724733614766     -7.59794694525587       h
    5.14466348570936      3.92776912482626     -5.55168269255719       h
    4.45614355152013      4.05559428092789     -8.79520394774761       h
    4.25676177329881      6.80887412166148     -6.96713176650349       h
   12.42442368251072      2.38763671414063      2.06794413387340       p
   15.85737029446427      1.63668218266326      1.60993339957570       c
   12.50064664827210      4.54889691656229      4.90969133823882       c
   10.79211124660763     -0.49443088630674      3.27660974434959       c
   14.28530165555271      5.54447674703376      4.64326696326427       h
   12.56829779229862      3.19332586600194      7.45507780969757       c
   10.42374557808414      6.54105395146924      4.93893890286958       c
   13.02356899760395      4.56100400895565      8.92724758503619       h
   10.73720476360989      2.38892671067117      7.93000290304789       h
   13.95980091569622      1.69286580712187      7.56769950032647       h
   10.58048596968193      7.80983364642821      3.34076202093379       h
   10.59406741882905      7.66517308665009      6.65906669499917       h
    8.54443915651823      5.70921235974189      4.92620294558798       h
   16.54721443045044      3.51030387283908      1.08687475624943       h
   16.37514035025350     -0.12273005104190     -0.61214121947372       c
   17.29156858075432      0.76026088857783      3.94111835965212       c
   15.14245435541316      0.25457044315690     -2.20995565266522       h
   16.16563802715404     -2.09761630105680     -0.09193255364014       h
   18.31754756678436      0.13929257951614     -1.24562685546489       h
   17.31682302628205      2.17295409845489      5.42869373669374       h
   19.25243993553680      0.38027254582671      3.43250350220073       h
   16.51976233853451     -0.98550546938776      4.71364920371596       h
   11.13576481608301     -2.83277020214454      1.63479255793445       c
    8.00612452248081      0.06922642674888      3.75097922525350       c
   11.68212409604419     -0.87683340497265      5.09484504079159       h
   10.65341070660515     -2.47858833883980     -0.32487707356286       h
    9.89463413686170     -4.32737147409405      2.32401946684176       h
   13.05559551613043     -3.55013309496113      1.71836523982173       h
    7.02328832207702      0.46611103838241      1.99664240458646       h
    7.72861683358458      1.66626933684710      5.01032855925506       h
    7.11659088084179     -1.57000863252314      4.62816457633363       h
    8.25000016494673      1.15677671850221     -2.79041397893317      cl
   13.59957808528422      3.65651309153724     -3.09975083139739       h
    9.21376341548913      6.19731096961067      0.10101328783490       h
$end
