$coord
   -0.37272580299810     -1.67107726040624     -1.15190146156177       o
   -0.74932176511635     -3.30544470095505     -3.24941810056726       c
    1.19464895641378     -2.89672906375614     -5.33558504441863       c
   -0.71311083295799     -5.28344939013845     -2.64235869818681       h
   -2.63790650341773     -2.92169045624543     -3.97751068230676       h
    2.91801871836923     -7.63670266670734     -6.27305928168187       h
    1.65348768956134     -6.97162867204730     -7.73949054025339       c
    0.65019429108970     -4.54309626524877     -7.57539995095653       c
   -0.96607335255833     -3.72560451961471     -9.48622487611584       c
   -1.75976588727483     -1.84072175480765     -9.39074268379953       h
   -1.55859887125076     -5.28481566213252    -11.50814491090137       c
   -2.80853554513437     -4.61092231561031    -12.97960473071250       h
   -0.54228525972353     -7.69827372356902    -11.65037703801914       c
   -0.99659242960443     -8.91537262644148    -13.22921676587923       h
    1.06722661299943     -8.53794140537250     -9.75783521319550       c
    1.87608042048008    -10.41347947445244     -9.85728205093860       h
    1.91977466812466     -2.06472233169539      0.94715341451588      si
    4.38612049484223     -1.02675623813755      0.08109003808826       h
    2.27372793171867     -4.83135319983302      1.34651679708313       h
    3.47942611683143      2.56830411049128      8.98933083810423       h
    2.05121267957139      1.79172871508646      7.74868783734215       c
    2.75603517371054      0.61949569006097      5.51221207688105       c
    4.74386076960654      0.51185688953180      5.02769763476597       h
    0.94402402803982     -0.39182337529704      3.88164109613321       c
   -1.60163927365336     -0.18201464166728      4.54695886546439       c
   -3.03847742098390     -0.92245091450680      3.29297628793027       h
   -2.31235204414872      0.99919836194168      6.77594564126086       c
   -4.29319888143598      1.15741946186980      7.25985915046569       h
   -0.48637204290371      1.98259672368631      8.38297063439295       c
   -1.04134114443117      2.90332420795991     10.12306825207670       h
    1.16977260160047     -0.90659422252575     -5.86578550552235       h
    3.07653650530021     -3.30201673774999     -4.59638276274388       h
$end
