$coord
   -4.88539203648364      1.93177147820307      0.54928792090902       n
    2.43385109620698      5.25837991761549     -1.15868953329606       n
   -5.24079683598115      0.47457244273463      2.59205173821277       c
   -7.61463841666275     -0.50570484093210      3.15820383453917       c
   -9.62159216006131      0.02162372289462      1.57076876618289       c
   -7.88405299502406     -1.62026666220071      4.84559400537778       h
   -9.22687489969678      1.51684140901602     -0.53543435222196       c
  -11.47999580349780     -0.72641447260609      1.97263266503921       h
   -6.81880605329911      2.46553528233205     -1.00095321845095       c
  -10.74819052123959      1.91361502500731     -1.83578576602216       h
    4.46783666243773      3.78364527265774     -1.26414565514967       c
    6.79048683550593      4.82443139009146     -1.88138266556772       c
    2.49140671779071      7.72763878531215     -1.63311836876074       c
    4.75944231926181      8.86927534028266     -2.27362398603819       c
    6.92623308630370      7.39433802216427     -2.39137037691053       c
    4.76359369617397     10.87447210265067     -2.65838339437150       h
    8.71846895522258      8.24678522036313     -2.88184357932882       h
    8.41922131553890      3.59504640371560     -1.94869231505874       h
   -3.02713687440361     -0.01783703380516      4.22199322342897       c
   -1.32962138679564      1.84692193030730      4.40690355380827       n
   -2.71143194650053     -2.32730935974126      5.44079340516399       c
   -6.28469724222574      4.07277806227830     -3.22236142984266       c
   -4.02352392069942      3.76920386384477     -4.31317443408602       n
   -8.02667244418810      5.85149792679659     -4.06789560934450       c
    4.06252999261166      0.99564844627038     -0.67893632568651       c
    5.92728102286292     -0.40124325437105     -0.60987050874596       o
    1.77622280980697      0.29522668192597     -0.28533558506874       o
   -0.01285825043507      9.13164124324149     -1.44223133502729       c
   -0.06099928824355     11.39052069933200     -2.01451987387233       o
   -1.92214389144954      7.83981599937645     -0.69278996388109       o
   -1.06471866283401      3.59817636331838     -0.24046619165589      ag
   -0.56314917549577     -2.70582789642505      6.88513562901020       c
   -4.07408219381350     -3.82908762903142      5.19986657117727       h
    1.19445839241427     -0.77687424325810      7.07561145451043       c
   -0.25045956216480     -4.49757723554938      7.81624969747768       h
    0.72829535706235      1.46050942422788      5.79481600311780       c
    2.90808506457238     -1.00459448146601      8.16257491411263       h
    2.06450049271437      3.00877724413896      5.86635373550064       h
   -7.38827618008842      7.37165042790329     -6.09897668460270       c
   -9.80848082970440      6.10659989318107     -3.10295473481021       h
   -5.04976515660572      7.06066039225389     -7.23021931165945       c
   -8.68466240368476      8.80564783552461     -6.76053318132227       h
   -3.43581473647841      5.23518715045001     -6.26715436764990       c
   -4.46776605125788      8.22624337902062     -8.80280798256125       h
   -1.57963589511280      4.94199778754540     -7.07877458404855       h
$end
