$coord
   -0.86336558619192     -2.90789622907244     -8.62849276107920       c
    1.45107107897772     -2.07473049328555     -9.66922157927584       c
    3.38149289728636     -3.66347966753513     -8.76528037012642       c
    1.63666398671648      0.03045240417158    -11.51645783797007       c
    2.26462843051052     -5.51839706343079     -7.19027236037150       c
   -0.40848047101656     -5.15115345514185     -7.18774898578126       c
   -2.82044002018785     -7.74032120653581     -7.18282886732750      si
    6.12002625955977     -3.59582346062496     -9.39461469158443       c
    3.73960748343391     -7.65562024149969     -6.09403039820164       c
   -1.08117841840859      0.33477541466435     -1.86673333020450       c
    1.37116052912917      0.35436818406586     -0.82709509717084       c
    2.20272181365662     -2.17613621335366     -0.57888393251751       c
    2.66453065818858      2.56710660743192      0.31039986039057       c
    0.16313246090622     -3.75839477998614     -1.24693919327950       c
   -1.89089132673033     -2.23497073708520     -2.08466008737506       c
    4.67299534259526     -2.97871456925520      0.50558717769731       c
    0.09844379926873     -6.51836744515677     -0.75417835496552       c
    1.52626937369975     -1.55687358717185     -5.06344347703499      ti
   -3.35036195231367     -1.79268668452504     -9.33600887135217       c
   -2.60391393140848      2.63804830894102     -2.43477354310300       c
   -5.27394205652739     -3.21256596275074     -1.85401196701379      si
    4.58345745866901     -3.11416364590414      2.56588319519674       h
    6.16770297157161     -1.64514165539795      0.04852086421366       h
    5.26041747541979     -4.81857132046119     -0.19815873410878       h
   -1.39678518182247      4.25088723110378     -2.83974695140464       h
   -3.82044670231505      3.16577190604542     -0.84996129442116       h
   -3.81512988984787      2.35959326270500     -4.06641646883982       h
    2.47893639564512      2.46240225474944      2.36505353132440       h
    1.82216798007261      4.34483168630296     -0.26740829481420       h
    4.67285726199979      2.64754000657319     -0.09532742305804       h
    5.51951483902600     -7.00300420964063     -5.29222816421758       h
    4.21404964459010     -9.05323521734449     -7.54095374601171       h
    2.71466635418519     -8.63290556549961     -4.62010786990744       h
    6.50822819877922     -2.31467529038224    -10.94911957484000       h
    6.78523756502083     -5.46271706185471     -9.95975348805664       h
    7.27431952626505     -2.99736791636193     -7.79723170268995       h
    3.54545823758611      0.27128214435587    -12.22160177098413       h
    1.04358179961603      1.82595026401107    -10.70282163120194       h
    0.41454436552001     -0.33247643798136    -13.13816720647793       h
   -3.36713701377129      0.25195842491286     -9.09423130607455       h
   -4.87115797446667     -2.55909489599111     -8.20233529484700       h
   -3.80662011827993     -2.16194474563162    -11.31665733429737       h
    1.98119828878908     -7.32030802941688     -0.59880843233266       h
   -0.89906942878666     -7.53662556533884     -2.21618402367182       h
   -0.86784872966443     -6.90617825594283      1.02928429928026       h
   -1.67531925599774    -10.89220082667863     -5.96017544624986       c
   -3.48235166428106     -8.33185705910740    -10.64050335503024       c
   -5.99279468956059     -7.10310862616590     -5.68104712674816       c
   -7.59143538846970     -1.05036944044412     -3.48571314066688       c
   -5.99560287728992     -3.02710234148097      1.63602557977438       c
   -6.08056917957633     -6.53682476235311     -2.85385078895440       c
   -7.07504622979439     -8.82205016308807     -6.08654672517364       h
   -6.96652346373637     -5.62434354864571     -6.73920966119341       h
   -7.80229002937269      0.72717185284182     -2.47511531092016       h
   -9.44017292582472     -1.96256639194594     -3.50558420465497       h
   -7.10630583382435     -0.60486205305649     -5.42958241940969       h
   -5.62294226379380     -1.13753906581381      2.36520140505982       h
   -4.83231804521506     -4.33961382539552      2.71516889616658       h
   -7.96968369930072     -3.47408528858204      2.02474006467498       h
   -1.73507582439336     -8.71545345251057    -11.66060634113598       h
   -4.38055423641037     -6.71701177491589    -11.54330341458401       h
   -4.72576184370458     -9.95674542053911    -10.88862023878446       h
   -0.01678018151813    -11.53930126194965     -6.98833752062307       h
   -3.17601132539038    -12.26319813255994     -6.30727921903860       h
   -1.23951782126545    -10.97093724236307     -3.95519289730176       h
   -8.01483628333461     -6.79017308646569     -2.15767522706050       h
   -4.96308234140581     -7.90089927138351     -1.78943555166976       h
    3.74771132862276      1.04184045209149     -5.75469994462996       o
    9.93656508564045      4.28323655380241     -4.60437958509191       c
    7.90571141473862      2.24492993965417     -4.39615589645435       c
    5.60667708501756      2.91104741477840     -6.02373625409148       c
    8.63611765969654      0.41470496836461     -5.00644014206799       h
    7.31599897262200      2.02511868361388     -2.43929573716562       h
    4.56693552222578      5.49687398233853     -5.24116429220076       c
    6.60841381710305      7.52895700763111     -5.44774292061277       c
    2.95810982486490      5.94589131744653     -6.45340576884561       h
    3.86622268473078      5.39681224510318     -3.31971197813297       h
    8.83741416526640      6.81596941432305     -3.75509307187969       c
   10.28904398268966      8.28140799903670     -3.84085037390875       h
    8.22373209128100      6.69763007529891     -1.78708015196201       h
   10.81316533447099      4.48223007964550     -7.34492379868593       c
   11.53300909017296      3.77984824917796     -3.39477710326020       h
    6.51175082837190      3.15824407993762     -8.76734625871603       c
    8.56463246339568      5.17720181938131     -9.01159795968521       c
    7.22686304041349      1.34487222579326     -9.41278908656073       h
    4.90905351034971      3.65258125284488     -9.95405426296555       h
    9.16784084331535      5.28363425505956    -10.98414268298699       h
    7.50472778097380      7.72669010735569     -8.18059758792221       c
   12.29610853666658      5.90833816128829     -7.51799218208842       h
   11.62855052125851      2.68824741601476     -7.96079578714598       h
    5.82788035426770      9.34025825044237     -4.83512439980551       h
    5.93532130840979      8.27803273928104     -9.40337395698832       h
    8.94912080240789      9.19152094873161     -8.35675207500845       h
$end
