$coord
   -0.25921249434230      4.06320456351998     -2.19981436461846       c
   -0.90913773330120      5.68656143202675      0.08460844330552       c
    1.60339525454529      4.56868192906208     -2.94638669977108       h
   -1.60267936346361      4.27472540529066     -3.75355750747317       h
   -2.93180423780774      5.58147826757453      0.48263957009715       h
   -0.51037366154371      7.68822534774538     -0.24141219670889       h
    0.05334781559937      1.90858110321049      2.69154824995113       c
    0.53878562769649      4.71743034519411      2.37783331158832       c
   -1.83181313993442      1.55794723788240      3.46044495038522       h
    1.41538336849055      0.96144982759459      3.92124392748005       h
    2.55127502154777      5.05434160287659      2.08074918851703       h
    0.04273307846321      5.76477014827168      4.09125952430551       h
   -0.01298948731143      0.43380265831834     -0.86745235924906      cr
   -4.46391569065614     -0.58131807489663     -1.39917509789401       s
    4.49933759049162     -0.22657641378117     -1.49082290505905       s
   -6.49839671596970      1.24920611964533      0.68324922510080       c
   -4.48878739721012     -3.72683694821553      0.11314959802955       c
   -2.14520895645796     -4.21837133245799      1.67078661947430       c
    0.12442501144758     -3.67383615133204      0.15042321413127       n
    2.54127572997966     -4.18572925446619      1.43359704454049       c
    4.71043710649003     -3.48985011077062     -0.28795858106926       c
   -4.65255608151100     -5.08147730612264     -1.42587806154974       h
   -6.18925166284518     -3.88972688752850      1.24988158984844       h
   -2.16615340843085     -6.17890808779397      2.32825845901740       h
   -2.09281882007265     -3.00506473951103      3.32671928238413       h
    2.70591765788869     -6.17561370907089      1.97105695719971       h
    2.58575054119704     -3.07443007926956      3.15929000485074       h
    4.74222115649030     -4.68766628950538     -1.96017708305993       h
    6.51914547874570     -3.71782897620251      0.65512520880849       h
    6.36069412991740      1.50360060690608      0.82833060908652       c
    0.05565411877298     -4.78053721173281     -1.42106735622718       h
    5.59194399555884      1.29374416998270      2.71425559881311       h
    6.29916448885484      3.47416380933300      0.27359652020147       h
    8.29872125308504      0.83987357337579      0.74511623963419       h
   -6.46360128244389      3.17539940538424     -0.01248515400216       h
   -5.82431398285152      1.20525890010024      2.61717002758522       h
   -8.40842882915439      0.51563342017585      0.55610312037598       h
$end
