$coord
    1.75382279378666      0.18567385961657      0.85613850609093       c
    0.93380974915524     -1.79424390881486     -1.07923360125545       c
   -1.46305202002430     -0.90548402620344     -2.42247053156126       c
    2.44155103441461     -2.10878719278017     -2.45344218294910       h
    0.59239894373953     -3.60324630350314     -0.14380358220611       h
   -3.56418372855777     -0.51880323154730     -0.47626830343366       c
   -2.76551723644181      1.46133487889256      1.46630682504149       c
   -5.30666442057680      0.10195591757394     -1.38752822169414       h
   -3.98210707022153     -2.30116108428805      0.48655060275307       h
   -0.35957855310149      0.57055398050196      2.78942696496885       c
    0.18449634985889      1.96943442439587      4.20326709795886       h
   -0.73802803575301     -1.19668048593196      3.79514643275691       h
    2.26905770174993      2.68920478135213     -0.48776440636143       c
    3.46284565415214     -0.45192544864293      1.82262657213493       h
   -0.94356521235425      1.59932588981160     -3.76166876744114       c
   -2.05516660847400     -2.32363680795722     -3.80076217988470       h
   -0.12966624541813      3.58117981839238     -1.82518065649151       c
    0.52915328873777      1.34876792111252     -5.18597441773585       h
   -2.63668741515333      2.23500632915622     -4.75672226413080       h
    0.23280482785896      5.37537173144347     -2.77861912184395       h
   -2.23564294189813      3.94679711689338      0.11725385887396       c
    2.89057981723016      4.10889933781815      0.87551680366647       h
    3.79955521947518      2.45895420142966     -1.85341586408586       h
   -4.74405305597825      1.95319210128263      3.24421872709495       o
   -5.10193590111880      0.39147202692498      4.11563164191245       h
   -3.96618218219962      4.60025112813028     -0.79359778211965       h
   -1.70797542597939      5.37100938238972      1.51182331864800       h
$end
