$coord
   -2.42998432723378     -3.04284394852872     -0.62600068168886       c
   -0.50068320971885     -1.53086210146162     -1.63703261324010       c
    0.99215835746275     -0.63973056395533      0.39901718787074       c
   -0.26742601688204     -1.02729412295638     -3.58986147484667       h
    0.01616366130783     -1.67942327726872      2.66341744104645       c
   -2.11053380092834     -3.13369937925051      2.03907217210464       c
   -3.30742489527213     -4.11859613209996      3.35623939350277       h
   -3.90988667753377     -3.94993277837985     -1.68626551242138       h
    2.53994421531920      0.66720191235056      0.25859877008895       h
    0.70607601420488     -1.30388852473506      4.53537320731990       h
   -7.26021731848145      1.14572247027972     -0.79148436355846       c
   -6.99601235053200      3.65190296379480      0.10373124040735       c
   -6.70498553835087      3.57958806337491      2.73202391046732       c
   -6.86944605028264      5.31332867861296     -1.05508331709098       h
   -6.78519615143320      1.02517157806970      3.52512839169907       c
   -7.18566709954225     -0.47376631835553      1.34170311039495       c
   -7.42398831205901     -2.49053604259493      1.31304200408708       h
   -7.51138804085453      0.59102646937692     -2.73157413323684       h
   -6.32111192531054      5.17593481153005      3.92515637867528       h
   -6.61046660613700      0.36183144704926      5.43920349201899       h
   -3.07586057709893      1.24528766200021      0.94088531776795      nb
   -1.70843519468052      4.21818886740925     -2.32704472716324      cl
   -1.02046689935679      3.96027102939303      4.06898818888412      cl
$end
