$coord
    6.46510976344940      1.84719711931698     -0.66289814636525       c
    4.14127106093859      2.28794520015186     -1.49173784010268       c
    7.97908149868364      3.19531361762025     -0.92786327776833       h
    6.94636216455051      0.11074565086038      0.31054392296030       h
    1.93996844154108      0.55683878544685     -1.18489316751808       c
    3.75286273887941      4.06251709384682     -2.45303056106041       h
   -0.19985754821818      1.72670568951872      0.35966378495094       c
    2.55277913415621     -1.20390167328249     -0.30092346090986       h
    1.20261608447421      0.05026476560405     -3.05088845663961       h
   -2.48405810641562      0.00405664429933      0.62575660622123       c
   -0.78237449827210      3.50604880144702     -0.51574980424100       h
    0.51780763569854      2.22323161387467      2.23105631134632       h
   -4.60694011226352      1.17331791154307      2.16422611983313       c
   -1.89523556278700     -1.77356587645915      1.49832616257939       h
   -3.18250393470824     -0.49297529563504     -1.25407543328534       h
   -3.97997789977059      1.63165201091033      4.07280126990922       h
   -6.21547298818724     -0.10162558935963      2.32668183972453       h
   -5.28045034436083      2.91893778399771      1.30075443748349       h
$end
