$coord
   -0.00401890552087      0.01530514910871      0.26707281148964      cr
    0.13472974992097     -0.15729424394596      4.65751803981903       n
   -0.08941483299295      3.49423286829926      0.84229440028682       n
    3.09159833167540     -1.65815296169927      0.54042003308397       n
   -2.97088984436621     -1.84144566176680      0.72068747611892       n
    0.72792509396791      4.25367934815265      3.35139559216410       c
    2.79635133811446      4.27890331231907      3.46004828583551       h
    0.11539035851070      6.17260787375510      3.83296937886034       h
    3.53726252482098     -2.82756471269580      2.98476381118580       c
    2.53138059815701     -4.63360463627597      3.11470953347275       h
    5.53613179509718     -3.27284515444065      3.29294171546692       h
   -4.00191864515270     -1.72571361080795      3.26431341369645       c
   -5.05084259302529      0.03940484665802      3.53986809879704       h
   -5.35593400912093     -3.24816694132934      3.63550270683730       h
   -1.30099820049765      5.65761139536577     -1.30300482921218      si
    5.36618340944359     -1.68058187867677     -1.82114195726558      si
   -4.28865352138897     -3.78506770187081     -1.56878623144721      si
   -0.32055017102557      2.46940723239201      5.36030153128181       c
    0.46572460758120      2.91645631162973      7.22797422081452       h
   -2.35585660157664      2.74685386802953      5.46563307169211       h
    2.68486980031842     -1.09507431721858      5.12654153244935       c
    3.94959168408123      0.52574171536264      5.18663367762401       h
    2.82639784718764     -2.06201409266813      6.95723170397135       h
   -1.90655182409148     -1.91829085454292      5.23571779270466       c
   -2.66202681600607     -1.62417488718266      7.14607109699212       h
   -1.13201702857176     -3.82227106379317      5.16561521286937       h
    6.01082583537391     -4.99079701654341     -2.95511911750519       c
    4.31281593984446     -5.85158520735327     -3.73947185043730       h
    7.46249614026562     -5.02155096050878     -4.41791522671581       h
    6.66207195730884     -6.19837498295573     -1.41767732343527       h
    8.41628126263882     -0.29710311888973     -0.60718867297285       c
    8.13662077423229      1.64112161949715      0.02996336119106       h
    9.18780113392701     -1.36932848503635      0.97354619619182       h
    9.85740885596450     -0.27107293817786     -2.08036551815558       h
    4.19895400482422      0.31402742496660     -4.50670801178429       c
    2.44692398142884     -0.41406230087686     -5.29920500562133       h
    3.86188374486314      2.24840623580553     -3.89167093538026       h
    5.58992607357708      0.37081742185217     -6.02743410650588       h
    1.16014765750335      8.04969611677824     -2.23899709268885       c
    0.40633458157641      9.44642103712326     -3.55355761916747       h
    1.87079267902177      9.07181539934874     -0.59683485327673       h
    2.77112341519863      7.14089490106455     -3.14379938888609       h
   -4.06717950670756      7.38123432278635      0.13496839070263       c
   -5.54234580171678      6.05246290934795      0.68250661891708       h
   -3.53673910874084      8.45188903888674      1.81307743949071       h
   -4.89116407428633      8.71743789016135     -1.20038734784347       h
   -2.43077967896040      3.88192283846474     -4.15337433010023       c
   -3.84539819765466      2.48299912178117     -3.62764783167989       h
   -3.29509629647232      5.16650769501261     -5.51482527920100       h
   -0.89718625038596      2.90356597649267     -5.11125384667253       h
   -2.24563068002010     -3.66479247149734     -4.46120032005016       c
   -2.14840706856097     -1.77379453080502     -5.26233238527606       h
   -0.32748977467845     -4.27345093882421     -4.03303885557992       h
   -2.98804845601761     -4.91805204304619     -5.92046005233249       h
   -4.40261593166584     -7.14691787983964     -0.39668569650457       c
   -2.50889517963070     -7.82118854096086      0.05131439181422       h
   -5.55495491017247     -7.34953830755198      1.29875450889832       h
   -5.19589351114025     -8.40745699315941     -1.82124053275981       h
   -7.59497335121840     -2.74519658243832     -2.37179322382383       c
   -8.80388622747824     -2.73272439056251     -0.70318446233429       h
   -7.59948705496483     -0.83838824412419     -3.14955492894849       h
   -8.47254654474232     -3.99084011034159     -3.75941734919419       h
$end
