$coord
   -1.73828652543533      4.24796699384320      0.39691639204767      tc
   -0.89012970937001      3.07577631127343     -3.92772994177869       s
   -3.48067316207355      1.27091363633400     -5.31444440783944       c
   -3.42760445319605      0.17743927287074      1.54417403046710       s
   -1.54180688163575     -2.42387713771917      0.29136154975814       c
   -2.72867999145441      0.12333589837800     -6.84547255556192       h
   -4.92866675499446      2.50368934183933     -6.09875035924769       h
   -4.33419212150968      0.05361729260381     -3.89589214684336       h
   -0.77658697278350     -1.92186272717275     -1.54826460022667       h
   -2.75175619188732     -4.07574938865401      0.10710868535764       h
    0.00791713859023     -2.91063697669489      1.55299023658830       h
   -5.91277841161880      5.49279233588882     -0.61716716799364       p
   -8.37517734699501      3.24456723320989     -1.62342410120222       c
   -6.32252344817846      7.97974877741151     -3.01946556991843       c
   -2.96442910522973      5.76517829652672      4.42092843040085       p
   -1.00212211981495      7.62534853415288      6.64403324096674       c
   -4.26617438989023      3.49397246169362      6.72139049532485       c
    0.33310012274189      8.13900702108656     -0.36238013064579       p
   -0.78024550645982     11.32318026076575      0.57356739798375       c
    1.27680818550425      8.90313076891334     -3.62915869705625       c
    2.44284425461571      2.94695644079767      1.33649683579078       p
    4.12449570168195      0.47217556582652     -0.44754689710330       c
    3.15068765210614      1.94649711543194      4.59638684964548       c
   -5.46911876628460      9.72873208963331     -2.36785248219821       h
   -8.30440845165882      8.32319228057960     -3.45498452146429       h
   -5.33684337535458      7.38958199068577     -4.72311219710934       h
   -8.20751595303737      1.54153732402056     -0.48876256484106       h
   -8.12571088462826      2.72746438626332     -3.58884974652903       h
  -10.24479773841216      4.07108620939610     -1.38488381273112       h
    2.28888943051207      7.31994580329320     -4.44881668176504       h
    2.44348541799766     10.59804438958041     -3.68854648730753       h
   -0.40594992250879      9.18231747899485     -4.76978731030993       h
   -1.24824258806666     11.39518251117169      2.56732553096829       h
   -2.46218345841751     11.82084836956497     -0.49367256779068       h
    0.66715685521351     12.73598527246181      0.19338130181233       h
    2.90041178235467      3.52701712593251      5.88089757889297       h
    5.06864932149392      1.22562752101708      4.78913020166056       h
    1.81092908025565      0.47982922316603      5.12179150640763       h
    3.66344454715472      0.67130383068042     -2.43833076518984       h
    3.53601502168028     -1.39090749798520      0.16561883814543       h
    6.15649811611457      0.64899625861294     -0.17332252514847       h
   -0.12465321893316      9.22826821278977      5.71624719032957       h
    0.48888416876180      6.43849200622339      7.40738857156363       h
   -2.13918444163939      8.32106297617991      8.21229675909414       h
   -4.99143544184487      4.46078339276564      8.38772236544363       h
   -2.79741883409798      2.17094374814078      7.27099265867445       h
   -5.75530032345825      2.39110824285334      5.84404562597149       h
   -7.56528048975602      6.82141381974950      2.20901731594999       c
   -5.70294455746160      7.95255998007221      4.05763105874452       c
   -8.55123471878646      5.23947092687913      3.08445969499606       h
   -9.00403639534481      8.17520657835403      1.62300567468238       h
   -6.57036034465647      8.31870101820513      5.89165984947150       h
   -4.97581331759035      9.74089643827026      3.35240458258337       h
    3.47145927849984      8.12174126920269      1.23682855964645       c
    4.72206516395888      5.58962688745975      0.80727328500646       c
    3.14147237896828      8.43358566042320      3.24268486148326       h
    4.63299832432844      9.68093158773520      0.55116823441602       h
    6.39612740485751      5.33551008088217      1.98193677057533       h
    5.33151170256408      5.42634058679162     -1.15343929083314       h
$end
