$coord
   -3.69024953463352      1.60085339371836     -5.67958476781441       o
    1.06842759687667      5.15429594563877     -9.14854837117096       o
   -2.52481868079255      3.83495254890764     -6.56455072947967       c
   -5.74548388451162      2.09288242432860     -4.05514368551222       c
   -0.34327801346867      3.06283596154539     -8.26008675452178       c
   -1.80236103062826      4.97379561680166     -4.98916655615758       h
   -3.89503600598233      5.00002663797768     -7.59847025547013       h
   -1.05508492605522      1.92198468068060     -9.83556247189495       h
    0.95985478798393      1.89421364185308     -7.17780744827926       h
   -0.04953650325175      6.42517266295896    -11.21513516376337       c
   -7.23542520950231      3.17035841498496     -5.01032225653316       h
   -5.15552294062284      3.14909626548178     -2.37374759698350       h
   -6.51032659894053      0.27969185377793     -3.46722112682330       h
    1.29733985012368      7.84192045097664    -11.84586618288681       h
   -1.81370339347755      7.37929348846709    -10.71173029666412       h
   -0.43372911566180      5.12639955093857    -12.78198691706569       h
$end
