$coord
    7.56916266901764      0.65547443050138      1.09941097815384       p
   10.83579692274107     -0.38153835839075      1.68318106025920       c
   11.72136477993207     -1.22219660466789      4.01525242799575       c
   10.45742833805780     -1.28584624512137      5.61830275075801       h
   14.21651138635281     -1.98201806161691      4.29358534951234       c
   14.87985253935963     -2.62665731070805      6.11764020130161       h
   15.85252193383834     -1.92857708821084      2.24565915438412       c
   17.79603184144624     -2.52503054376163      2.46617240369596       h
   14.98600376113126     -1.09433814107304     -0.08700610482415       c
   16.25300806710526     -1.03506995243026     -1.69103023160677       h
   12.50304514736724     -0.30807544057594     -0.35992375633006       c
   11.84333502996634      0.36778524827563     -2.17627336158104       h
    6.29267367950404      0.78890416793889      4.33068259087303       c
    6.70063698324621      3.01063337667825      5.69344161751736       c
    7.70956202632552      4.56112188881084      4.81646991721173       h
    5.83253203258298      3.24753080716172      8.15272947831770       c
    6.17155911235423      4.97785996073044      9.18843646187523       h
    4.50611777631678      1.28021259776603      9.27459303933381       c
    3.81036474432108      1.47005772093370     11.18809120107725       h
    4.06829888778805     -0.92461220092599      7.92536170978395       c
    3.03358176784255     -2.46408664951698      8.78682113578324       h
    4.96223932188024     -1.17503103334216      5.47202692768192       c
    4.62610226442905     -2.90595281093816      4.44130206127397       h
    6.11630349857946     -2.26580743893485     -0.10199763518232       c
    7.28044288613369     -4.62606327285825     -0.03413745265703       c
    9.15366077434637     -4.80993692815088      0.75857297590321       h
    6.04872687306935     -6.74210275242244     -0.97502566501540       c
    6.97690636836554     -8.56351447223959     -0.91426330528445       h
    3.63573547943000     -6.53138925672256     -1.97854397981985       c
    2.67795561137449     -8.18425512032646     -2.70815091476846       h
    2.45980313389704     -4.18625600389815     -2.05260476448576       c
    0.58278512204450     -4.00445731595116     -2.84340678376088       h
    3.69911395196088     -2.06757144502394     -1.13979188187884       c
    2.78605283976488     -0.23730669484678     -1.22718610809895       h
$end
