$coord
    1.40856479578273      3.87084310168036     -3.61644656476119       n
    1.78656800105122      3.16414638861435     -0.99145777201480       c
    1.55963679077921      1.13686795006891     -0.75946849055864       h
    0.44776413336163      4.09962116809931      0.30032533247717       h
    3.69620326102805      3.64754629829849     -0.39867747505836       h
    2.12632193310043      7.34518590609165     -6.73933824432824       c
   -0.31119907950269      7.91196930549563     -7.94646450852977       n
   -0.83076328982816      0.21505176347342     -5.44125792642224       c
   -3.17904487699197     -0.71839704503459     -6.55472367438520       n
   -0.42194546637257      8.14742690022033    -10.55822842421795       c
    0.21930696809442      6.16797282559005    -12.18516508247024       c
    0.99090318686845      3.94158715880493    -11.22374360079053       f
    0.02519284265921      6.39267609324488    -14.78617794704920       c
    0.65974715815714      4.45114615290269    -16.27250884481765       f
   -0.89580869761203      8.60406463544349    -15.85414662792656       c
   -1.11797907365327      8.81418463252346    -18.36082733840920       f
   -1.59484902295748     10.58854666188846    -14.28942821833148       c
   -2.46805488102894     12.73658059758242    -15.28975582211164       f
   -1.32900454264016     10.34962483247627    -11.69814138330712       c
   -1.97378905609677     12.31569890420796    -10.20965718143742       f
   -1.14306756257524      9.40424576904923     -7.09817735142426       h
   -5.43638814758538     -0.69097775793143     -5.24386605870183       c
   -5.70350853677294     -1.44330901946098     -2.72367702726343       c
   -3.67025619871905     -2.19793292477871     -1.38815153650149       f
   -8.02916752325924     -1.45915091392818     -1.51738553372594       c
   -8.18077519349725     -2.18408565603940      0.90060154558534       f
  -10.20514568463224     -0.78074424265497     -2.80894079730376       c
  -12.45640727614746     -0.83539297426802     -1.65596578256468       f
  -10.01270653209772     -0.05512347431435     -5.32164738739770       c
  -12.08283003043415      0.63180888431906     -6.59988984348752       f
   -7.67344216411682     -0.00337997775835     -6.48115995678067       c
   -7.52075318230243      0.76790117230308     -8.91048601021092       f
   -3.41163794287507     -0.09232106380670     -8.33774568766881       h
    1.83158929456556      6.55790896658715     -3.99121744759956       c
    3.36938353283234      8.99734762694429     -6.84220055958877       h
    3.04767827786598      5.82414304645798     -7.75864757946631       h
    0.36064354321963      7.73390194682256     -3.08389277126133       h
    3.59398108380552      7.02362941812943     -3.03276835533347       h
   -0.99965795603166      2.96049340002211     -4.58864200321309       c
    0.61769396630548      0.05877356518581     -6.88966007497092       h
   -0.26878056141103     -1.01759149312517     -3.90391473056527       h
   -1.53663756324500      4.10340335994029     -6.20540420664596       h
   -2.51944516711022      3.17458959512605     -3.18242100672428       h
$end
