$coord
   -7.05179021664583      2.68317434500888     -1.33882977125906       c
   -6.31265025796906      4.99073195662418     -0.21409675080691       c
   -5.01321333873800      4.40877606632322      2.04882273347775       c
   -6.68310431081421      6.85537326749700     -0.94188670215031       h
   -4.89248642576935      1.75204766657532      2.27785451597975       c
   -6.17286154460806      0.69477177616513      0.18850247608257       c
   -6.33385265323265     -1.28987178697004     -0.23336161830469       h
   -7.99426409146037      2.47810524756599     -3.13037027993088       h
   -4.14905595190121      5.75299592204779      3.30592740996021       h
   -3.96635210394275      0.71735133712885      3.76646349805645       h
   -2.60812786755242      2.93264726765573     -1.29781108058596      ti
    0.79596018592842      5.03981122731250     -0.01386476876818      cl
   -2.16722935326588      0.79007900240500     -4.89735899676336      cl
$end
