$coord
   -3.10244741381864      2.76516233205336      0.97184269505527       n
   -2.43494553568456      2.62985614700266     -1.36328562255510       c
   -1.65807972637853      0.36958864033018     -2.90517572675518       c
    1.05063383497712      0.82987154886169     -3.89885017129462       c
   -3.51502148645842      0.10976653897951     -5.15034670710224       c
   -5.43776684852381     -0.21331413373859     -4.49824456416172       h
   -2.94692925161182     -1.46066199053046     -6.33755838717457       h
   -3.47891163738233      1.82494595561954     -6.27075919970940       h
    2.39291243630557      1.01968478952141     -2.35317407986059       h
    1.09138734116828      2.54519080182946     -5.01846092697121       h
    1.62778239342602     -0.73884701788105     -5.08394637964937       h
   -1.69103469341869     -2.07935185921364     -1.45980351837766       c
   -2.34761439512572     -2.52796623782499      0.84094963507427       n
   -0.96459290648102     -4.06719431382800     -2.80334822506593       o
   -2.40722056951328      4.79061474933191     -2.63002612186709       o
   -3.33785353535668      6.77045328080374     -0.93753485741615       c
   -3.56813630411966      5.45389163700893      1.63855221617029       c
   -5.12503648293422      7.42700101435451     -1.70080796949853       h
   -1.96503926313623      8.29315992845727     -0.96628186402186       h
   -5.47995265033007      5.60768263098886      2.37526307785965       h
   -1.68318529243733      6.36154604057701      3.58770207030227       c
   -0.99243964313807     -6.26795694578943     -1.13482152835966       c
   -2.23029471030830     -5.29367057829103      1.30168006121129       c
   -4.84069468962048     -6.35455493115210      1.79310868276631       c
   -1.01505745788928     -5.62127392453078      2.92652635594424       h
    0.95437282661577     -6.87069334496395     -0.89659666794283       h
   -2.06667249632885     -7.73820942107532     -2.07741378339336       h
    0.24455239590484      6.19286633337048      2.89021597997553       h
   -1.84255989783834      5.27957116978642      5.32932005216323       h
   -2.03139948019754      8.33494432440664      4.04729069295959       h
   -6.09069460384564     -6.01618998827538      0.19538474638638       h
   -5.68202124513733     -5.50371006167448      3.46502732684506       h
   -4.73753096303191     -8.38486596455532      2.10419528044072       h
   -3.47446111239246     -0.04950927056562      3.33627803005103      cu
   -2.70278616211017     -2.22464846175778      6.43115528249094       o
   -3.43290446205984     -2.12520552154550      8.65474353753855       c
   -5.97620382121129      1.73691800722827      5.62967483476231       o
   -6.47029431321945      1.28333308449117      7.84123520713585       c
   -8.21540032208646      2.54411265048899      9.08185383837755       o
   -5.33105657699435     -0.51086551706732      9.40500689757584       n
   -8.59934939627728      1.46332177987630     11.58501837698288       c
   -6.31534308957106     -0.24870910100756     11.99803562450462       c
  -10.37842595453604      0.44267194315571     11.53745595703304       h
   -8.71778231697898      3.01393928440863     12.91498974240608       h
   -6.85327800688798     -2.06490011728054     12.77768413039253       h
   -4.89927275217853      0.62262556569870     13.20504210720140       h
   -2.35098471513125     -3.87578868068533     10.59653351643734       c
   -3.74475027594347     -6.42349876496432     10.45766273691748       c
   -2.81982577999486     -8.12046552359766     12.57470890395027       c
   -3.34592679934532     -7.27494936921176      8.62511136307223       h
   -5.78775278819460     -6.18496417445500     10.57779144376071       h
    0.46269715692698     -4.31922389078801     10.19427548170553       c
   -2.63104896135230     -3.09136036896600     12.47868210113374       h
    1.50184553458612     -6.40792168542322     11.79456964634908       c
    1.51484097839723     -2.58741803861362     10.58870830985229       h
    0.82279647656488     -4.72814570323683      8.20085401743551       h
   -0.01804881777478     -8.12423102591710     12.94741967086340       c
    4.30846798642179     -6.42401363036670     12.02434918508468       c
    0.95545346857842    -10.15303329523761     14.63799768214073       c
   -3.45123185234356    -10.05496641954725     12.22975396828396       h
   -3.72114175684189     -7.58971578878606     14.36106619277382       h
    5.19214895171423     -5.71523742300279     10.30563877828613       h
    5.07436192679131     -8.28498980142836     12.41254017037807       h
    4.92527529533541     -5.17446267477307     13.55102429978945       h
    2.68081119695626     -9.63602757791852     15.61795277759417       h
    1.35500276167056    -11.86777154826618     13.55472261674461       h
   -0.45055226995518    -10.67587011977505     16.04504072758981       h
$end
