$coord
   -0.92107849440534      1.75358256836424      1.57796441600756       c
   -1.88874388580905      3.10946102042599     -0.48927248368824       c
   -3.54136491764671      1.50541240740954     -1.84050524046580       c
   -1.39997269997512      5.01530505319651     -1.00831363984742       h
   -3.63297219038864     -0.82614142863276     -0.55003233334821       c
   -1.98247579137208     -0.69536702009839      1.53503846341605       c
   -1.59828965556143     -2.19283471003339      2.85991117240403       h
    0.44566442903750      2.43464748954248      2.92413977946208       h
   -4.57764587920897      1.99159961577218     -3.52405972489568       h
   -4.64016265379785     -2.48130584847473     -1.16161016138615       h
    3.01094291663195      2.44248526426383     -4.59001139411598       c
    3.68058444053357      2.74708954508913     -2.02505619754080       c
    4.76587106579153      0.46760322434360     -1.16145386663178       c
    3.37203462015233      4.41321764505455     -0.90332797767718       h
    4.83624857250121     -1.21874838826907     -3.22447669436394       c
    3.76001109948222     -0.00699514705836     -5.32854560110478       c
    3.46993849782426     -0.83542717120828     -7.16431233690552       h
    2.12571643519576      3.83950243170222     -5.77657221464609       h
    5.45471345657859      0.09766428544381      0.71771465684421       h
    5.49481710524917     -3.14363301169163     -3.16283685260204       h
    0.50738335378859     -0.39097835020696     -2.20308100953593      ti
   -0.26371180242649     -3.49214901524040     -3.59758196761510       o
    0.46469302652156     -5.28475406219828     -5.37214246793087       c
   -1.01875421592845     -4.96819528779493     -7.83179463056255       c
    2.49170084080389     -5.16768114225794     -5.79584041032235       h
    0.12484678763368     -7.18309990027736     -4.61687096275608       h
   -0.72236404064314     -3.04520490815082     -8.51238144355515       h
   -2.83271881840819     -9.70422314912813     -8.58830162180795       h
   -1.31388065621488     -9.24473379116250     -9.88204603717914       c
   -0.21699172051409     -6.85300254048028     -9.78274894056474       c
    1.72907028887912     -6.30447471216262    -11.46939078130521       c
    2.59993611156966     -4.45141353609235    -11.42653683524180       h
    2.55182902047488     -8.08391062938184    -13.20886394018149       c
    4.05794115416385     -7.61415092007927    -14.51012839044409       h
    1.43942521667065    -10.45729931044433    -13.28727038373701       c
    2.07385184977458    -11.84702812403830    -14.64632375085457       h
   -0.49808707795576    -11.03263734811518    -11.61595935878373       c
   -1.38297524989575    -12.87557927144048    -11.66938138347556       h
   -3.02611863883074     -5.15393180667821     -7.40879613751300       h
$end
