$coord
   -2.59841757930767     -1.15826525986254     -3.92900702623802       c
   -0.50273588715765     -1.67504829016633     -5.20231437537957       c
   -4.20937860389712     -0.26711608842020     -4.81800483814988       h
   -2.78273230633383     -1.60296354827871     -1.93835691529702       h
    1.79397604799157     -2.91751518195862     -4.14050633220912       c
   -0.41317183164413     -1.19865886857397     -7.19989403192970       h
    2.41936788869273     -5.40342185549348     -5.46052904775369       c
    1.53989124935788     -3.23634396614022     -2.11926261979428       h
    3.40654206193384     -1.63708835318901     -4.33318402063963       h
    0.88600434260059     -6.75832481505460     -5.24066289949268       h
    4.13199168459764     -6.24473266470269     -4.68747763527999       h
    2.71728274732621     -5.12234336404018     -7.47932599599779       h
$end
