$coord
   -0.75554930182733     -0.88185450142933      2.80921855632985       c
   -2.60444121367909     -3.04095110523985      3.15281208170336       c
    1.03264438957756     -1.29756516338590      3.76398166120333       h
   -1.50087752023064      0.83879834468220      3.67575050201013       h
   -2.61231399421899     -3.53319101552860      5.16465638132212       h
   -1.92472308166618     -4.73926178370735      2.19794690484718       h
   -6.09319365897030     -3.28815679026998     -0.33099639869038       c
   -5.33455668659014     -2.53082233363183      2.34412855426705       c
   -8.15312117646779     -3.23628231272992     -0.42839501136403       h
   -5.58032214037132     -5.26816637123508     -0.63131442373966       h
   -6.57181334634067     -3.56498864237162      3.62704332488247       h
   -5.78229182821770     -0.53875848433195      2.66066036575271       h
   -5.07478953313194     -1.72804690163990     -2.52172734211507       c
   -2.26389294747491     -1.99467352220429     -2.99309471693768       c
   -6.10187955291693     -2.30211006100953     -4.22506397943177       h
   -5.58911371296285      0.25747688661226     -2.25067902108700       h
   -1.73603013793268     -1.13581286048155     -4.82055717661714       h
   -1.75173752905939     -3.99247585278839     -3.12749517416549       h
    0.17181746582434     -0.07099893806368     -0.80722787035258      cr
    3.52817325609131     -3.18613931748598     -1.44485927415627       s
   -1.81669353623911      4.11600228973032     -1.23905132882325       s
    3.33380389787966     -5.67261195348375      0.92452871914260       c
    6.25537581016059     -1.33421026769506     -0.32515028754969       c
    5.51111636504158      0.85435869988622      1.35229444759041       c
    3.56686888712763      2.38253283956951      0.08305491605074       n
    2.68939431201572      4.60150614385864      1.50818399565455       c
    0.82617501452373      6.07005476824096     -0.08183291925821       c
    7.19516220665922     -0.66914175961595     -2.03016618253147       h
    7.55825447199980     -2.60171835940868      0.62812242215120       h
    7.19253717820187      1.97509383148366      1.79252920604165       h
    4.73379707314195      0.18939149445076      3.13262467338888       h
    4.25911188230712      5.84255786213650      2.03211436275002       h
    1.81872328387534      3.93271147457500      3.24482993506075       h
    1.73338940075564      6.83134509284224     -1.76415085893312       h
    0.04493376094459      7.65931963560521      0.95491903948686       h
   -4.20218132681569      4.75347565746269      1.15863786596494       c
    4.31919519321602      3.01574951278593     -1.56972471828761       h
   -3.51620329000927      4.31152874783061      3.03727854298435       h
   -5.81507774238356      3.57007658892381      0.72361695297949       h
   -4.75242541070727      6.72411851445541      1.02811904684270       h
    1.69577102273098     -6.80640725846968      0.44636615045179       h
    3.10905002932615     -4.90329682548712      2.80865118851063       h
    5.01708015435896     -6.83676806584060      0.80251316115470       h
$end
