$coord
    0.21640195270022     -0.28237732621602      0.42376612621745      cr
    0.33758795681579     -0.05934773379249      4.58328522708456       n
   -0.39902015105667      3.15543591523640      0.61802009673358       n
    3.53179557809068     -1.36771259882850      0.79951435973676       n
   -2.46105801299346     -2.49606143966417      0.98969561612087       n
    0.16463105843980      4.27340554430965      3.07035416935155       c
    2.18483979776392      4.70368398757549      3.22474514717977       h
   -0.81762429214971      6.07128955517872      3.36317029347583       h
    4.20050456022579     -2.19813903867545      3.32437859575047       c
    3.56068659433871     -4.14088107929849      3.66180693100504       h
    6.24242634618842     -2.21370880172742      3.62804076790030       h
   -3.46428119448586     -2.42489503251159      3.55388736954332       c
   -4.82966780686461     -0.88002180316535      3.78330359637307       h
   -4.48334455937988     -4.15856294300878      4.03170891143798       h
   -1.58517032537977      5.17291821323848     -1.72271080081465      si
    5.64357144320453     -1.34043970642449     -1.74470614476150      si
   -4.35350837212938     -3.90595218434063     -1.33786545353531      si
   -0.62539057021201      2.47673686813121      5.15889831848370       c
    0.01112346944766      3.12208898054027      7.02099440437398       h
   -2.67791896660640      2.37903210341325      5.19145673087780       h
    3.00695502844330     -0.43363675519533      5.24452639110150       c
    3.94633752576819      1.39051834302766      5.12820717516193       h
    3.21072061053594     -1.13254748948189      7.18335860086336       h
   -1.32108019602763     -2.11530497791296      5.42560602977909       c
   -2.01659367806614     -1.78875208528289      7.34875852091064       h
   -0.21273607659241     -3.84577317985038      5.44144039742683       h
    0.27572716297774     -0.46640145946906     -2.59412395519022       h
    4.92922481972205     -3.86265082072020     -4.13124730113479       c
    3.12730991264497     -3.50684353359966     -5.05038685022007       h
    6.38629911956294     -3.94234636195948     -5.58734650063180       h
    4.82651031797942     -5.71861582260215     -3.24376375457251       h
    8.93778491751952     -1.92095751694396     -0.49727766893482       c
    9.51741603143393     -0.50528823281867      0.88291894883543       h
    9.14195541513732     -3.77581399785034      0.37432480996925       h
   10.28450171586977     -1.83300794076656     -2.05444813200849       h
    5.63849990256773      1.83993699480960     -3.31404517361776       c
    3.80919742802113      2.23522825786098     -4.15748976663973       h
    6.03259869039002      3.33112177843353     -1.94989153928465       h
    7.06493580318657      1.94117873579545     -4.79856120673517       h
    0.62934254749511      7.93079456396828     -2.11692001162774       c
   -0.07861278871192      9.25555904966565     -3.52764787691065       h
    0.88561644079695      8.98153602783649     -0.36412906853325       h
    2.48475075234058      7.28897271766179     -2.73633692699927       h
   -4.75256349992029      6.38083858419372     -0.62388417948412       c
   -6.07950769285388      4.82199565215366     -0.39910012117553       h
   -4.63729541923016      7.36511382714078      1.18181313006912       h
   -5.56092895766681      7.70017805482733     -1.98501352885794       h
   -2.03321949974214      3.60972926280729     -4.85899939939917       c
   -3.24939864876653      1.96086333872203     -4.73458357931248       h
   -2.90946124866303      4.95095871799899     -6.15859614114185       h
   -0.25429398192406      2.99653069352161     -5.68092646461488       h
   -2.55976940353591     -4.63291954379529     -4.29191190554284       c
   -1.99542086564018     -2.93202549572491     -5.29121889880531       h
   -0.85145822730578     -5.69668030252136     -3.86802259550180       h
   -3.72340945510004     -5.77565095614454     -5.55314810274943       h
   -5.62151503881280     -6.98942644357062     -0.06252791688921       c
   -4.10410696725507     -8.18724237764374      0.64925719393279       h
   -6.99168638473952     -6.73739017715164      1.45312875090978       h
   -6.57299411723525     -8.03146123353961     -1.56414202481564       h
   -7.13815271257134     -1.80989403251676     -2.05957499502585       c
   -8.24781696574352     -1.43300561062342     -0.36479467131854       h
   -6.53516445480903      0.00473053508168     -2.81738110667413       h
   -8.39882186475674     -2.67725559935771     -3.44011643024953       h
$end
