$coord
    2.98997329982675      1.98941510691442      2.95788207483770       n
    2.39808708422170      3.88667786709005      1.43384638614732       c
    3.44124501694224      6.29949267582399      1.62442038380151       c
    4.66182587211527      7.35519185116818      3.70060044506228       c
    0.43217669759104      3.52552423903953     -0.59103127328145       c
    0.61551397127372      1.72514522519293     -1.55628934363715       h
    0.52748740037306      5.04176288278510     -1.97020625490835       h
   -1.45010959483492      3.55706803699981      0.24173404031480       h
    5.23493851661713     10.14088075040477      3.52260595125740       c
    7.18762233760182     10.51980688065697      4.03810544496946       h
    4.06855936345902     11.24195362881006      4.80705010830155       h
    4.90725996936440     10.82827499860606      1.61784344048641       h
    5.27122373062569      6.10752308174335      5.80095589058132       n
    1.48004823250574     -0.24260510345605      2.77452381187791       c
   -0.79362322705046     -0.39677298332538      4.12152389741971       c
   -1.85735002060309      1.80464110057135      5.54258440168146       c
   -2.17308588219123     -2.63838933754084      4.02830884160515       c
   -3.91241694980182     -2.77581021106512      5.09989387817935       h
   -1.36758713308696     -4.65773858338966      2.58229100311365       c
   -2.44890168358570     -6.39257615655747      2.54037629159638       h
    0.80611897371147     -4.42520114901944      1.14017776443203       c
    1.40924704767335     -5.97653457406451     -0.04917856695420       h
    2.24578401876596     -2.23219051486541      1.19126929292270       c
    4.48145395458191     -1.97835553713852     -0.51535757372043       c
    5.80563570115825      7.65290920799343      7.95497357686251       c
    8.28939012844185      8.23298024046565      8.66941263060379       c
   10.52228046789473      7.55149591409842      7.07864696772067       c
    8.68018856982257      9.63842105248573     10.85763908317445       c
   10.60183151856986     10.05514993753698     11.42640271495620       h
    6.67949387650291     10.50213053922790     12.29835459310691       c
    7.02419496739553     11.56762413213018     14.00924069119097       h
    4.23085131159692     10.05293040271635     11.49499124658322       c
    2.65025356543155     10.80045052292111     12.55991411394548       h
    3.75779359398909      8.67329020722850      9.30975428312265       c
    1.09202511803006      8.44102302946305      8.38593061560711       c
    5.75416080539568      2.12828320090158      5.82009526798874      cr
   -0.46546052481457      3.27233134665292      5.82948305108285       h
   -2.57907940664822      1.23147729836062      7.38139865839053       h
   -3.44147388541865      2.63125052310309      4.51026062550048       h
    6.11908687880544     -1.32015559013775      0.51976519629551       h
    4.11218099912272     -0.64198388045052     -2.04413657154573       h
    4.95110823107008     -3.78484273173536     -1.37338575628271       h
    9.97251602971473      6.48127391338100      5.42718737314272       h
   11.85980452708059      6.41067522090254      8.14092685598037       h
   11.50197062644629      9.26159535035938      6.46669226330865       h
    0.81414391781209      6.80076769343009      7.19371637522563       h
    0.56983506610560     10.08490435325239      7.25253416575425       h
   -0.23629618837765      8.35708776370920      9.95371995078098       h
    6.73740669796019     -2.16084868661439      5.25622741247447      cl
    8.46205834484770      2.23957091394417      9.29704676051523      cl
    3.02379964560614      7.57644536588713      0.09305963844572       h
    2.98935645324751      1.14521883005201      8.50595692770426       o
    8.86756545845347      2.78303090444842      3.37846257995848       o
    2.79634956428925     -1.48632493045790      9.36970913823352       c
    1.22762899670853     -1.33913592665790     11.74041693643690       c
    4.69062865478212     -2.16588360996339      9.75685120128669       h
    1.98247871295879     -2.56114242898089      7.83247692923139       h
    2.51251821314886      2.80102917457976     10.66902559381241       c
    4.07272913172226      4.10724220136765     10.84124931970803       h
    2.21212037724134      1.08521395727003     12.93051062018725       c
    0.77962333922283      3.81799440234226     10.25093011235482       h
   11.28147835090180      1.53163359505148      3.82339438160154       c
   11.87325651368957      0.28116074629702      1.33949866289588       c
   11.02920849520866      0.25635889323447      5.39520560832591       h
   12.65567042797419      2.98655252410012      4.32152115389878       h
    8.73402446959051      3.49959269182170      0.73017739702577       c
    8.78440119978112      5.55080436152758      0.61958401849602       h
    6.92981719550472      2.85786173196422      0.01676448957630       h
   10.97487116566580      2.24072548858722     -0.57341283067285       c
    1.50546740888718     -2.99721911820146     12.92337511840899       h
   -0.77957435031255     -1.18730418584232     11.29941814419464       h
    0.94398774461282      1.89275052886605     14.33284750370713       h
    4.04162788351009      0.75767845124435     13.81183915585043       h
   10.79196107485017     -1.46090342554993      1.18962470280878       h
   13.87130889378833     -0.16419502024279      1.14874901415655       h
   12.45964325018688      3.61742847279949     -0.94355695172951       h
   10.42738072459339      1.40829083480647     -2.37124367705169       h
$end
