$coord
   -0.04513171244386      0.65802587098900      0.36955807786960      si
    3.47768149142398      0.08025329053135      0.07876265408695       c
    4.90155457470843     -1.63015158467075      1.49186564464541       c
    4.00289713323661     -2.73319826655018      2.96391250013168       h
    7.44990471158674     -2.00290215959325      1.00420542393403       c
    8.52345116466663     -3.34856381208547      2.11027863141998       h
    8.62130440416580     -0.64971369207041     -0.91474920448059       c
   10.60784838464566     -0.93694696825155     -1.31003048404470       h
    7.23872598838503      1.06198927517618     -2.34000993198413       c
    8.18505683337414      2.10290870146199     -3.82429601721967       h
    4.67769040870746      1.42739147241377     -1.85824747254389       c
    2.69090529460030      3.77377491163749     -3.53730558671635       p
   -1.09422839631193      1.73290850255143      3.61135146441264       c
   -0.08327682446502      1.07743478949591      5.95336335074653       c
    1.62936314337506     -0.04045805723188      6.04786495404411       h
   -1.22348337117971      1.85947067038394      8.18283735586387       c
   -0.40012400381618      1.36122345547493      9.98876119103930       h
   -3.42832081908779      3.27914071734446      8.09445229980140       c
   -4.33399917242694      3.88003183377562      9.82760642684587       h
   -4.46299362803918      3.94488322561696      5.77761818236787       c
   -6.17831120900220      5.06083589977182      5.74222777883169       h
   -3.28524739396574      3.21707287139966      3.54184079386364       c
   -4.43134730759441      4.17173851483104      0.36059980906131       p
   -1.60456100302428     -2.56073552387142     -0.02302222660120       c
   -1.61714410305815     -4.50165635509677      1.75887025370349       c
   -0.71549099096513     -4.21873460985855      3.57591378485693       h
   -2.82072232957865     -6.77869371186644      1.27136385262393       c
   -2.83419116760060     -8.25910428803536      2.68411810249029       h
   -4.01675620464616     -7.15645300566933     -1.03519694113949       c
   -4.95727258622157     -8.93072307248680     -1.42677241379579       h
   -4.02316112277807     -5.24757319597656     -2.83166412932045       c
   -4.96496830779259     -5.57182133572661     -4.61881112162435       h
   -2.84488542771377     -2.94902446534233     -2.32369174297014       c
   -2.73789160220478     -0.26438619303969     -4.56175379046831       p
   -1.53942177042629      3.39642694048077     -2.76552372796442      ru
   -7.62027321064251      2.75116016811177      0.33373151037871       c
   -5.20343730304014      7.53134608573702      0.94926750194002       c
   -5.83697022014701     -0.52411271678414     -6.15526182344975       c
   -0.67118864635973     -1.60590320446378     -7.03943975461579       c
    3.96563863520455      6.71491745158117     -2.12549798510048       c
    4.18664804862650      3.95724824343263     -6.69133276962199       c
   -6.51849389845256      7.79183325751201      2.51004500984743       h
   -6.02281057577015      8.35808939767885     -0.74023370112798       h
   -3.45645857576736      8.52405838418153      1.37216656175544       h
   -8.72329940971742      3.24379365134651      1.99982313066648       h
   -8.62298968563043      3.37197084660634     -1.34944022287283       h
   -7.40648823166054      0.70971057961297      0.25462866744004       h
    1.19346958279043     -1.88621028411366     -6.22523671339857       h
   -0.51311096108732     -0.27498866826418     -8.59651835412115       h
   -1.36746221900917     -3.40864922079605     -7.75072118387273       h
   -7.32340229854840     -0.08925041417831     -4.80928553808414       h
   -6.17695444875870     -2.39095184467296     -6.94949749469542       h
   -5.92486231687352      0.84421427778574     -7.68304248194370       h
    6.01158365174729      6.84118060926612     -2.33340249441174       h
    3.48760563647114      6.71873362596124     -0.12945302903817       h
    3.08585267859631      8.34894765718580     -3.00464365690385       h
    6.21723011336744      4.27246422544604     -6.60876163737723       h
    3.34353540286810      5.53016297834531     -7.70886588320486       h
    3.81520259923891      2.23233967633326     -7.73968447685824       h
   -3.09531344694535      6.07503311849907     -5.87188480063584       p
   -2.02039217605734      9.40236495485868     -5.81219829600419       c
    0.00822219249737      9.45934454911400     -6.13334237776660       h
   -2.38409808855583     10.19809709066554     -3.95375868190816       h
   -2.95172551607030     10.55821794668287     -7.24113817693448       h
   -6.54495999365869      6.59710177477489     -6.14684425571477       c
   -7.49222395919432      4.79097346634549     -6.37354120790225       h
   -7.01924336480963      7.80826549250472     -7.74362279143274       h
   -7.25992843414039      7.46632686766462     -4.43104432403563       h
   -2.43432831132951      5.33231686069195     -9.22570577811534       c
   -0.41393703966373      5.11299590727119     -9.49905752010073       h
   -3.13288411695603      6.79710767216824    -10.49332385790124       h
   -3.32658908030832      3.55192532142247     -9.72730830631237       h
$end
