$coord
   -2.95120259900689      1.33784475444015      0.38520798629675       y
   -7.83998351109207      3.28399334371633      1.12292639273654       c
   -6.13757800405657      5.36996171241214      1.10169250438517       c
   -4.62694140664425      5.25879153685422      3.28725215609587       c
   -6.12011651861395      6.87418112015161     -0.27683556091032       h
   -5.29825298846373      3.08160997124281      4.64743788493070       c
   -7.24595096520304      1.85192096092827      3.31930024010653       c
   -8.20282873738226      0.15651607528978      3.92049586080294       h
  -10.87831566677992      3.23174706831440     -0.57141489326629      si
   -3.16952941859003      6.58494640546713      3.78485380172187       h
   -4.41335265989002      2.41534922732062      6.35844755594477       h
    0.64603966839754      0.31448505871917      4.01293167894227       c
    0.82652290968885      2.91199327114312      3.51936900433462       c
    1.68137358599611      3.28101245210786      0.98887723504991       c
    0.33340447211716      4.39117263951697      4.82603263567191       h
    2.13207853712156      0.80900225285591      0.01222393469353       c
    1.47447181824783     -0.98731561510668      1.83451730981364       c
    1.53516417354436     -3.00933011132986      1.60525736554919       h
    0.00058752870676     -0.54508528726933      5.74619601621685       h
    2.54014247545956      6.26642566156007     -0.57199757801536      si
    2.78022468605633      0.39775448819373     -1.87363546315611       h
   -4.63793035590596      0.89825870459282     -4.43272786939862       c
   -2.09998521661859      0.09355177370397     -4.59162805960751       c
   -1.87287038759295     -2.16881268354477     -3.24176524109354       c
   -0.59663973169047      1.07839339646561     -5.55075943901776       h
   -4.25316479059981     -2.80309855323529     -2.15116740541878       c
   -5.95943479936686     -0.88836616610556     -2.98627825198916       c
   -7.93080359161428     -0.80922568326956     -2.51467634726203       h
   -5.40212856141861      2.59377625426519     -5.26232778867904       h
   -0.14677475262667     -3.21551408632931     -2.97611456344420       h
   -5.06061368654677     -5.75451906161851     -0.49978114331152      si
  -10.64435708194611      4.03500151542672     -4.03820600252828       c
  -12.99036252348239      5.72739494954992      0.89017576861945       c
  -12.60833913953237      0.13059890488182     -0.20202146335969       c
    0.58674516768797      9.02016738688183      0.56649321826035       c
    2.20901565769339      6.02884152090336     -4.11202560578695       c
    5.96532576403302      7.08054200951977      0.11492720129782       c
   -2.17909555072121     -7.26241257852979      0.95869651460518       c
   -6.42792568974049     -8.11257684021055     -2.83078132847923       c
   -7.49385726026954     -5.29952577092925      2.05904418601017       c
   -9.47345364926471      5.70448866013512     -4.33180647826710       h
  -12.51181114075499      4.44135632812840     -4.81346203337500       h
   -9.82438564806495      2.50327245699960     -5.13564305427321       h
  -12.13777501951268      7.59476881938785      0.71380881755622       h
  -13.25543373164192      5.36694913422830      2.90117433463938       h
  -14.85106144741193      5.79006225349589     -0.00049975061563       h
   -1.38924679962434      8.77512037193042      0.05395916739389       h
    1.25437767792255     10.78231750953445     -0.27320015806579       h
    0.68543486668748      9.23443853994732      2.61330035337080       h
    6.27188216853217      7.29159089270625      2.14214108688603       h
    6.54813308524813      8.83625597817629     -0.79987544538784       h
    7.21684744831038      5.57921753197222     -0.53854656597245       h
   -6.70655295584173     -4.18289774782617      3.59757241085697       h
   -8.11487292249179     -7.11402105286619      2.82191564707201       h
   -9.15797783100260     -4.30793799576243      1.36577473642261       h
   -0.65343572174532     -7.47952090130060     -0.40859333876579       h
   -2.62420745922352     -9.13523127620956      1.69936233923729       h
   -1.47322247597243     -6.11366623380516      2.51234004426615       h
   -5.08060589245673     -8.50971881521081     -4.33892332023014       h
   -8.12899948536172     -7.35704745337559     -3.71587868974563       h
   -6.92417298430188     -9.90284667725875     -1.93232975917333       h
    0.24160038319401      5.70175855262142     -4.62027312508937       h
    3.31924312908678      4.46901019292723     -4.87338749018180       h
    2.84345293067341      7.75879057587118     -5.04027217036696       h
  -11.72364049806753     -1.41264730778643     -1.23356618663167       h
  -14.54140584080445      0.30974516060429     -0.89758706938641       h
  -12.71216639193138     -0.42458594959414      1.77839956484451       h
$end
