$coord
    3.15528686651525     -0.16181306378139      0.87810454448824       n
    2.20360799248215     -1.75533617761416     -1.62844048589570      si
    2.92896845774720      2.58949675318605      2.32897463588486      si
    4.17831304073233      5.42539584570454      0.46152093920947       c
    4.79103169821851      2.64220618476053      5.41418438950230       c
   -0.42413229195306      3.57109028006026      3.27022807679866       c
   -1.37239241988406     -2.24286549903166     -1.88300323200839       c
    3.58236320238374     -5.08421116688182     -1.70976934675122       c
    3.11990615795867     -0.31144076444330     -4.81692403451204       c
    3.02931402621994     -6.12894216808260     -0.01914539403213       h
    5.64356431236879     -5.00463759600598     -1.73039613515451       h
    2.96665446859919     -6.16427534908285     -3.36031876114835       h
    2.26281883090847      1.55301915806876     -5.03721339494481       h
    2.53550074304150     -1.46996797215522     -6.42673111171674       h
    5.16412686604616     -0.05516975376670     -4.92588394987828       h
   -1.61165775286237      3.77585683967635      1.59472370846296       h
   -0.48177859466623      5.35854426219993      4.30790354647876       h
   -1.29115102732945      2.12010049669479      4.45311312137150       h
    6.78325840781245      2.24601813452621      5.05438264475587       h
    4.09897788682991      1.17772888450816      6.69164980958338       h
    4.66534521658264      4.45781758212201      6.39267896809707       h
    6.14647523132283      5.11928673707591     -0.07604266087103       h
    4.07505632622429      7.19788026974724      1.52122748981836       h
    3.10421423473468      5.66979833895701     -1.28363267022076       h
   -2.09132452654818     -3.16630862041422     -0.18394417560904       h
   -1.91637828997327     -3.39313550794077     -3.51278909227044       h
   -2.33970730538034     -0.42679420379961     -2.04147352927428       h
$end
