$coord
   10.05261771696094     -0.93052560381117    -10.75250958064012       c
   12.08766334713163     -2.49093677666102    -11.27151663875715       c
   13.55880513019103     -3.38940794467495     -9.30479097950631       c
   12.98544105036654     -2.64686073180873     -6.86511490293199       c
   10.92541337352862     -1.08814946037546     -6.44264099967165       c
    9.44092813094288     -0.31603887740660     -8.35694217993721       n
   12.52226807901574     -2.97619115603854    -13.20583261794023       h
   15.15566997858310     -4.60687073616488     -9.67302006690035       h
   14.13367577210733     -3.25474452839556     -5.29080061756579       h
   11.36865563767974      4.82633646304170    -10.71870477863203       c
   13.87955037514238      5.39481991146959    -11.19204776261821       c
   15.54082761279853      5.65029624797430     -9.19032727706844       c
   14.65242019793688      5.26078403177972     -6.76156316847567       c
   12.12632016891386      4.69135741568267     -6.38693982859909       c
   10.49992283004044      4.56423247930021     -8.34375273476776       n
   14.52099676862822      5.61608242648588    -13.11718224468880       h
   17.50586177366999      6.09512806322585     -9.51976096170735       h
   15.91132142856603      5.37504578000902     -5.15907077307547       h
    9.52071111414672      4.58920090759142    -12.83386859771258       c
    7.53430708681302      2.66950912411061    -12.48169544448560       n
   10.52889766025611      4.26704811954103    -14.60770381447412       h
    8.56821584336038      6.40387561390568    -13.04572225454142       h
    5.55488898811792      3.18520893722620    -14.37137216954647       c
    6.35130524316395      3.22404443964080    -16.27607663610918       h
    4.68163018914384      4.99952869135072    -14.00044311527629       h
    4.12366840135302      1.72767194723179    -14.31646809189721       h
    8.41860398521653      0.05412644950868    -12.83072980547949       c
    6.73925579949792     -1.13292258484006    -12.94251627874233       h
    9.39532496540775     -0.15312927064968    -14.63923205117115       h
   10.22516370767861     -0.30026637448469     -3.82797782831840       c
    9.19164191019543      2.27352496714566     -3.58637064665363       n
   11.84416563549089     -0.55096498508458     -2.56955201421206       h
    8.77363489131077     -1.59426087625211     -3.14666483812483       h
    8.00429598136958      2.44750434662468     -1.07355129961891       c
    9.34763361659635      1.93983013406171      0.41007473621267       h
    6.40380300579037      1.17551507177616     -0.95896890621398       h
    7.37073838831778      4.35827517239108     -0.72186513083135       h
   11.10527424320637      4.28416421109726     -3.78945260671541       c
   10.19962228192174      6.02961609456953     -3.17798295474878       h
   12.66298174219168      3.94652272585882     -2.47510424827410       h
    6.95025047120235      2.77707629380035     -7.75830034498359      rh
    1.46800128014368      2.07467746639651     -9.71535596191813       c
    3.42621820769766      0.61832851253455     -8.27751152200812       c
    3.82850222081266      0.93424117393334     -5.70717803800258       c
    4.01945680907153     -1.15962629183030     -9.10050467408848       h
    4.74039902068824     -0.61150517269385     -4.72825357670263       h
    1.71103130443260      4.95364298272344     -9.45351692721323       c
    4.30197834743450      5.86027663713048     -8.67314489485206       c
    5.01978996401169      6.10908026771309     -6.16519503776575       c
    5.32711064157246      6.99078855131991    -10.03334835007438       h
    6.51922895374199      7.44011445110239     -5.75255176718356       h
    3.30929802339678      5.43992795583766     -4.00820987554019       c
    2.28618217915270      2.72700679729316     -4.11024787661311       c
    2.15134106586544      1.98057698624633     -2.20235432828806       h
    0.35968557462270      2.72759186700071     -4.83253992586743       h
    1.74335114930444      6.78674944684412     -3.98517891709112       h
    4.29639507457881      5.75424332364327     -2.24370860996412       h
   -0.39635964994664      1.45990212108143     -9.07261089414802       h
    1.54401708832157      1.53771186693657    -11.68836310876519       h
    0.35027305565294      5.65181127216264     -8.07736593740227       h
    1.19424195083264      5.84384881286423    -11.23012427252928       h
$end
