$coord
   -1.70791403944828      4.53273522394843      0.19135376205757      tc
   -1.65119871893712      9.01959022546300      0.96477651964720       s
   -4.37262950637090     10.51928501891841      2.51362264028486       c
   -0.84529567655320      0.20393910908462     -0.92765340670215       s
   -3.31215373281215     -2.19506619234132     -0.46735087237620       c
   -5.40626191188411     11.68099012852881      1.16756392965684       h
   -3.69860672292973     11.74653660220514      4.02055561160497       h
   -5.66795938746405      9.15419077844108      3.32877608810953       h
   -3.49061976366859     -3.31854756391892     -2.18130486458805       h
   -5.14305188458736     -1.37322932063585     -0.04471937013711       h
   -2.79282773851736     -3.46253730171193      1.06684757387465       h
   -5.86612565125960      4.37977365468993     -1.30635756793221       p
   -6.73362987193048      2.41148455142664     -4.04660056026622       c
   -7.52367587498837      7.31640217588748     -2.19418609354982       c
   -3.63500179855374      3.61672771771250      4.06774714140305       p
   -3.00105056101103      5.53425282539393      6.90572648905977       c
   -3.33586758937032      0.43800211403870      5.46810237027100       c
    0.26559942010486      5.45407091817563     -3.76124735610541       p
    0.06769307326025      8.65130626199778     -5.11092880437576       c
   -0.32574366140403      3.53483620199046     -6.59408755996588       c
    2.53752443929379      4.70515517583886      1.71073183769277       p
    4.24266864777019      1.77312145075044      2.47398511551285       c
    3.43790081277281      6.67978496707316      4.42217760120067       c
   -7.79131966120584      8.50242401367585     -0.54641065415154       h
   -9.35721927930730      6.91510044015464     -3.03862519468622       h
   -6.36683433974596      8.36185826643338     -3.52997338584757       h
   -5.69505876812672      0.64750968008531     -3.99154314644033       h
   -6.21302083707658      3.40276020688826     -5.76816217168362       h
   -8.75688328152529      2.03489525078055     -4.09688750558582       h
   -0.34826277067499      1.55759135678291     -6.04604553401443       h
    1.11632007261434      3.85588367470586     -8.02658434315260       h
   -2.15753882681042      4.02014871076222     -7.38595252154879       h
    0.65815183180535     10.03581770154339     -3.71872831419198       h
   -1.89103239534126      9.06249067243340     -5.57533447421924       h
    1.21707134014643      8.81305381293315     -6.81022089387969       h
    2.48529278983865      8.48928655894048      4.25307284250709       h
    5.47554325314370      6.95700099436856      4.49821559505536       h
    2.83173161830276      5.77622588433296      6.16402540307404       h
    4.13007791903920      0.46700016439085      0.89755051738705       h
    3.32977314972918      0.86397359024759      4.07447546448860       h
    6.20891752024787      2.15935052863927      2.94225033553005       h
   -2.84488925033250      7.50966196043816      6.38868016731250       h
   -1.20912027333537      4.94691575782323      7.71918606192962       h
   -4.47262704044994      5.29308420025171      8.32491905112313       h
   -4.26430712854192     -0.94597706546746      4.27809212774099       h
   -4.16152402654901      0.36840295982716      7.35206814328725       h
   -1.34769320944358     -0.06455478207327      5.56967131056235       h
   -8.02350171391990      3.09830036331698      1.18854560065208       c
   -7.14865207277825      3.92116978313321      3.78852233202025       c
   -7.97703956889322      1.04669255988575      1.03371672267899       h
   -9.96437609451853      3.68237766925292      0.81368189064945       h
   -8.07375672502863      2.84586440635325      5.28410132381716       h
   -7.60910408838012      5.90184398064129      4.10308185150626       h
    3.73534661671554      5.04376591338837     -3.37036361897335       c
    4.54952760905216      6.07614223379796     -0.82590554697293       c
    4.74647717581553      5.94402723187782     -4.92476325861674       h
    4.10075791532436      3.01871132925101     -3.48267031070415       h
    4.27566077439212      8.11719252016645     -0.74916602667495       h
    6.54083183021970      5.70243245333738     -0.44643400437342       h
$end
