$coord
   -4.69605568948064      0.51631208013482      0.79455081218939       n
   -4.61637541411260      0.65257031526262     -1.64007157377745       c
   -2.37975999942001      0.63921364878083     -3.38541443882913       c
   -2.46062992113058      3.06722391496678     -5.00906252533674       c
   -2.56422158201133     -1.72426009353989     -5.10097522878877       c
   -2.51159189173327     -3.45897369076692     -3.99907988148661       h
   -1.00057367472308     -1.73494987899728     -6.42577422316487       h
   -4.31792200774899     -1.66571118604881     -6.16022414643402       h
   -2.33696839885695      4.75538270051036     -3.84263925815468       h
   -4.20873185113777      3.12987987561328     -6.07544327703526       h
   -0.89139785115805      3.06156678344920     -6.32639074710769       h
    0.10436869993056      0.53289438772481     -2.01663446865721       c
    0.55801802713115      0.31523943141287      0.36962181796508       n
    2.10932134184020      0.62158431441430     -3.49855498316090       o
   -6.82436152397428      0.84594951982125     -2.78745599975279       o
   -8.80116128873556      0.63857262052439     -0.86094993424258       c
   -7.36020464692287      0.82377121907241      1.64785256352520       c
   -9.73719907328470     -1.16360059985287     -1.15423437949327       h
  -10.12106983682162      2.17491052105397     -1.17230736401755       h
   -7.83091807861817     -0.74891313019083      2.87996847668670       h
   -7.71240002371023      3.31025380216035      3.01545787485458       c
    4.35629927033245      0.66819678095655     -1.87632296647678       c
    3.33482410848659      0.02680658807938      0.75850233418440       c
    3.96249102105199     -2.62110899853367      1.63684107077334       c
    3.94872174570297      1.41313406540896      2.14119221799671       h
    5.15982887449985      2.55025625799477     -2.02343788576316       h
    5.67072147629830     -0.71968246709482     -2.61430501794238       h
   -7.23946697807815      4.89924991564635      1.79857854622285       h
   -6.53779742546536      3.40884407139501      4.69984987814980       h
   -9.66963259220888      3.51894628026616      3.60952569588434       h
    3.34765913394222     -4.02466948311335      0.26473629995704       h
    3.07336589273908     -3.03994122488294      3.44223288357894       h
    5.99373646409718     -2.81514245586865      1.88768528731522       h
   -1.87241856771988      0.21111609049697      3.11513991465770      cu
   -3.99677552606102     -1.02400246156476      5.95827640937024       o
   -3.63722162387406     -1.11360562365612      8.29097446340109       c
    0.69612021138242      1.08731520453514      5.70590418854316       o
    0.48947194838921      0.94059082506944      8.01708687442893       c
    2.28263080826149      1.74244977129532      9.51830024506005       o
   -1.51436407969705     -0.06133937032789      9.38026376263889       n
    1.51244097288241      1.53584095833828     12.16128394525297       c
   -0.89537900976027     -0.05843011771436     12.10262920146204       c
    1.20942377117234      3.44427050645199     12.84656114318119       h
    3.05689466627632      0.66079820163415     13.17938292297310       h
   -2.39992985350603      0.80259251363058     13.19595046166068       h
   -0.57739003268007     -1.97958701897394     12.75429652894213       h
   -5.43885503376252     -2.32933921879636      9.96942263416011       c
   -7.46284611546433     -3.54329266349345      9.07910431593769       c
   -5.09447777193081     -2.27195378763198     11.97812101577160       h
   -7.85021034497736     -3.67046883280973      7.07922294645303       h
   -8.77440122293140     -4.45881482588020     10.34669008629603       h
$end
