$coord
    3.79320852910783     -3.71169212909130      0.77309266341058       c
    3.74735292024078     -1.31503569731117      2.42177792208129       c
    1.55639215435612     -3.23803208284475     -1.05776722635130       c
   -0.41776882778311     -1.78157668692314      0.46954434921207       c
    0.84444233340743     -5.00462799373489     -1.81365966591923       h
    2.26216900419543     -2.11439202984451     -2.62671899778498       h
    0.94894742378551     -0.79282093477122      2.85194130133476       c
    4.62338209827245      0.19806069415090      1.33671002579231       h
    4.80642586755802     -1.50054291263045      4.17174190852852       h
    0.14161752308224      1.97362618410334      3.03522250402990       c
    0.29169563354225     -1.83331115623847      4.49916581510482       h
   -1.91120321634990     -3.07034037920201      1.03454883817448       h
   -1.66478912451633      0.59055404173891     -0.69907922678010       c
    6.16409966927361     -3.96566783426339     -0.81280112337376       c
    3.24555207921645     -6.04214710667999      2.40429878490391       c
    1.22616633402422     -7.09734750393089      2.40337516963678       o
    7.66361538016145     -2.29828230562888     -1.25142032749000       o
    6.30461923872183     -6.30238548030703     -1.82438277871148       o
    5.01356575437576     -6.86379820796770      4.06726546083114       o
    7.60425399307173     -6.08847769266459      4.02295638202660       c
    7.83980385995443     -4.06746629559674      3.76157191698467       h
    8.62314051259684     -7.10064083693543      2.55183899388795       h
    8.36622036881220     -6.61641694959510      5.85203826093243       h
    8.37882309075350     -6.73303800968538     -3.52692516229131       c
    8.25241343017210     -5.47478808264640     -5.14518559828847       h
    8.20789376175221     -8.68600198912703     -4.11846875996374       h
   10.17277869945399     -6.42039277238437     -2.57552014609762       h
   -2.02216226137601      2.22132877459467      1.46363760946617       o
    1.66577855012458      3.23161255176406      2.40727232717088       h
   -0.40842321733074      2.55033334047585      4.93042932219962       h
   -4.26455006063826      0.04410428603225     -1.76132183615293       c
   -0.05139570912248      1.95852836709254     -2.65319906140533       c
    1.87898838770323      2.26768325437396     -2.01450684382270       h
   -0.89243593797219      3.79406944819961     -3.03937503910384       h
    0.03462942777564      0.91874598937322     -4.42649801177253       h
   -5.47535814482216     -0.75889304330045     -0.30699745003880       h
   -4.13647578222626     -1.29649259240354     -3.31775055154920       h
   -5.14941755360067      1.76360209847002     -2.46312600536173       h
$end
